0 1009
1 972
2 930
3 1060
4 1016
5 1003
6 1038
7 965
8 1004
9 1036
10 1054
11 996
12 974
13 1019
14 950
15 966
16 985
17 1029
18 1007
19 1031
20 997
21 943
22 1035
23 986
24 993
25 959
26 1010
27 1032
28 1023
29 1009
30 1039
31 1024
32 1027
33 1048
34 976
35 1008
36 971
37 972
38 992
39 1066
40 990
41 962
42 1024
43 1024
44 1052
45 982
46 1066
47 976
48 981
49 1041
50 1009
51 984
52 958
53 1023
54 1044
55 1027
56 1012
57 1052
58 1009
59 962
60 944
61 985
62 967
63 997
64 1038
65 1024
66 1007
67 1013
68 1006
69 989
70 964
71 1027
72 1081
73 990
74 1066
75 1063
76 991
77 1025
78 989
79 1025
80 1035
81 997
82 1007
83 995
84 1020
85 1037
86 1070
87 973
88 1034
89 995
90 988
91 1010
92 1040
93 1070
94 969
95 1079
96 1068
97 1023
98 982
99 1025
100 956
101 988
102 1044
103 999
104 1025
105 1004
106 1031
107 947
108 1013
109 999
110 1001
111 1024
112 966
113 980
114 956
115 1003
116 964
117 935
118 1021
119 1066
120 994
121 970
122 1026
123 1028
124 1040
125 998
126 981
127 998
128 1032
129 987
130 1034
131 991
132 997
133 1015
134 974
135 966
136 1002
137 1050
138 969
139 955
140 1037
141 1049
142 990
143 1012
144 1043
145 1015
146 1061
147 1033
148 1043
149 947
150 1017
151 1035
152 1022
153 1059
154 997
155 1011
156 1024
157 979
158 1014
159 1053
160 985
161 1027
162 1012
163 958
164 1059
165 991
166 930
167 1025
168 950
169 988
170 1011
171 976
172 998
173 1081
174 1047
175 1020
176 987
177 998
178 999
179 988
180 1068
181 1023
182 1024
183 1014
184 988
185 986
186 993
187 1008
188 1042
189 975
190 989
191 1030
192 1036
193 1039
194 1023
195 986
196 975
197 1004
198 956
199 1020
200 994
201 1046
202 999
203 1053
204 997
205 971
206 1004
207 1007
208 1036
209 951
210 985
211 1043
212 986
213 1024
214 989
215 1048
216 1040
217 1040
218 989
219 1010
220 1007
221 1036
222 1043
223 1038
224 1058
225 1019
226 984
227 990
228 1017
229 1010
230 1009
231 1040
232 1007
233 1045
234 1018
235 1034
236 1029
237 967
238 1022
239 1013
240 995
241 1069
242 1011
243 1041
244 1026
245 982
246 998
247 1042
248 1029
249 1065
250 992
251 1001
252 1023
253 995
254 1025
255 1002
256 1033
257 1037
258 1017
259 970
260 1024
261 973
262 1042
263 992
264 988
265 981
266 1001
267 1034
268 1019
269 997
270 985
271 984
272 964
273 1026
274 1040
275 1037
276 987
277 992
278 1008
279 961
280 912
281 963
282 1044
283 1053
284 1004
285 1001
286 994
287 1012
288 940
289 968
290 994
291 1023
292 1055
293 1026
294 1034
295 1012
296 975
297 1008
298 1010
299 1067
300 1008
301 964
302 984
303 959
304 1000
305 985
306 1032
307 949
308 998
309 1000
310 995
311 1019
312 1045
313 1055
314 1052
315 1028
316 1026
317 933
318 1074
319 937
320 998
321 1006
322 966
323 989
324 1042
325 958
326 963
327 949
328 966
329 934
330 992
331 954
332 927
333 992
334 999
335 1005
336 1042
337 1067
338 1038
339 1058
340 975
341 973
342 1011
343 996
344 1017
345 1066
346 966
347 1045
348 1053
349 950
350 1036
351 1003
352 971
353 1013
354 1048
355 992
356 1006
357 982
358 983
359 985
360 1014
361 977
362 1003
363 1015
364 1045
365 986
366 1014
367 1062
368 1086
369 1010
370 1030
371 992
372 1040
373 957
374 1027
375 1013
376 988
377 981
378 994
379 1003
380 1002
381 1011
382 981
383 957
384 956
385 1013
386 992
387 971
388 1006
389 1020
390 1055
391 1001
392 997
393 973
394 1018
395 1002
396 998
397 1000
398 999
399 1045
400 1037
401 995
402 1006
403 1024
404 1008
405 1022
406 1011
407 1066
408 976
409 1000
410 1028
411 1004
412 997
413 994
414 986
415 982
416 993
417 981
418 1027
419 979
420 989
421 1033
422 1041
423 1021
424 984
425 1004
426 1032
427 1018
428 1016
429 961
430 993
431 1004
432 1016
433 1010
434 992
435 1012
436 1020
437 971
438 999
439 1022
440 1022
441 990
442 958
443 1035
444 1013
445 1042
446 1054
447 1043
448 998
449 1031
450 1019
451 1049
452 981
453 1028
454 974
455 1027
456 992
457 1043
458 1018
459 1025
460 1000
461 1029
462 1028
463 1007
464 965
465 1021
466 1008
467 1025
468 1003
469 1025
470 1030
471 1047
472 1053
473 1041
474 1077
475 952
476 1039
477 973
478 1015
479 1064
480 1005
481 1043
482 1037
483 1012
484 1021
485 1000
486 977
487 1013
488 1022
489 1027
490 972
491 1019
492 990
493 1025
494 961
495 1013
496 1030
497 1009
498 1000
499 1034
500 928
501 1025
502 1020
503 1019
504 1015
505 956
506 992
507 999
508 988
509 998
510 968
511 996
512 1008
513 925
514 946
515 1020
516 992
517 997
518 995
519 967
520 991
521 1050
522 1033
523 1030
524 1026
525 947
526 1051
527 1006
528 1027
529 992
530 939
531 998
532 1029
533 1021
534 1024
535 1008
536 1007
537 1011
538 962
539 997
540 1043
541 1030
542 1031
543 947
544 957
545 1023
546 1012
547 964
548 1033
549 999
550 1027
551 952
552 994
553 976
554 1041
555 968
556 1003
557 1002
558 1041
559 1021
560 1071
561 1027
562 1005
563 983
564 990
565 928
566 1008
567 1035
568 986
569 1001
570 1023
571 1043
572 1031
573 994
574 1008
575 1013
576 1044
577 999
578 943
579 988
580 1013
581 960
582 1047
583 1011
584 977
585 992
586 1026
587 1028
588 1021
589 1074
590 1014
591 990
592 1026
593 995
594 1000
595 1027
596 1023
597 1023
598 1028
599 1037
600 993
601 1007
602 1073
603 996
604 982
605 986
606 1025
607 1026
608 983
609 1014
610 1012
611 1048
612 1003
613 1042
614 983
615 998
616 1009
617 952
618 1045
619 992
620 1026
621 1042
622 970
623 1002
624 972
625 944
626 1015
627 1047
628 1002
629 1018
630 967
631 997
632 1016
633 1001
634 1041
635 1025
636 1044
637 1072
638 1016
639 1021
640 996
641 1006
642 1075
643 1032
644 999
645 1001
646 984
647 982
648 978
649 1013
650 1044
651 1047
652 979
653 1017
654 1001
655 975
656 1013
657 1063
658 981
659 997
660 1016
661 989
662 998
663 981
664 1025
665 1011
666 1024
667 981
668 1004
669 1026
670 1007
671 976
672 1041
673 932
674 987
675 969
676 1040
677 1013
678 985
679 955
680 990
681 984
682 996
683 1049
684 1032
685 1062
686 984
687 1049
688 1032
689 1001
690 1035
691 1038
692 1039
693 1096
694 996
695 984
696 968
697 1040
698 967
699 977
700 954
701 970
702 988
703 1047
704 1022
705 1040
706 988
707 1041
708 1039
709 1002
710 997
711 1078
712 1019
713 987
714 988
715 1102
716 993
717 999
718 943
719 1039
720 1030
721 1050
722 985
723 1018
724 991
725 1003
726 1016
727 1035
728 1016
729 1026
730 1016
731 975
732 1040
733 1033
734 1049
735 966
736 951
737 990
738 949
739 1030
740 1031
741 1080
742 1023
743 978
744 1039
745 1049
746 1005
747 1025
748 1013
749 1025
750 996
751 1056
752 989
753 1012
754 963
755 1055
756 980
757 960
758 1042
759 952
760 1026
761 985
762 974
763 959
764 959
765 961
766 1057
767 992
768 971
769 947
770 977
771 964
772 970
773 988
774 958
775 1013
776 1035
777 903
778 1005
779 989
780 1006
781 1016
782 964
783 987
784 999
785 967
786 970
787 959
788 959
789 990
790 970
791 962
792 924
793 966
794 966
795 983
796 937
797 963
798 1005
799 919
800 919
801 935
802 991
803 939
804 1000
805 932
806 930
807 990
808 959
809 1015
810 965
811 988
812 998
813 975
814 989
815 981
816 907
817 974
818 935
819 985
820 995
821 1003
822 979
823 1000
824 951
825 993
826 996
827 972
828 983
829 968
830 979
831 968
832 948
833 1046
834 985
835 977
836 982
837 1027
838 1004
839 1030
840 978
841 993
842 948
843 960
844 949
845 954
846 968
847 938
848 934
849 1011
850 964
851 977
852 992
853 973
854 1035
855 961
856 949
857 984
858 977
859 994
860 1005
861 955
862 964
863 929
864 1024
865 1008
866 1001
867 954
868 975
869 947
870 942
871 918
872 992
873 966
874 966
875 1031
876 1006
877 954
878 924
879 1030
880 947
881 1004
882 989
883 1016
884 947
885 967
886 1003
887 956
888 1021
889 957
890 935
891 980
892 1016
893 967
894 923
895 962
896 1016
897 948
898 914
899 988
900 987
901 965
902 1026
903 1019
904 990
905 935
906 957
907 965
908 1012
909 968
910 1017
911 967
912 1053
913 956
914 1018
915 962
916 980
917 985
918 1017
919 938
920 989
921 989
922 901
923 997
924 1020
925 950
926 944
927 995
928 1004
929 966
930 979
931 963
932 994
933 983
934 982
935 990
936 975
937 977
938 990
939 950
940 969
941 986
942 974
943 966
944 965
945 999
946 949
947 971
948 948
949 960
950 1009
951 943
952 972
953 970
954 1010
955 989
956 989
957 1009
958 998
959 971
960 931
961 938
962 972
963 941
964 1009
965 967
966 931
967 956
968 977
969 926
970 979
971 1029
972 959
973 971
974 955
975 1006
976 1005
977 1004
978 992
979 919
980 939
981 985
982 940
983 961
984 975
985 969
986 972
987 976
988 997
989 969
990 998
991 955
992 921
993 970
994 980
995 943
996 1033
997 976
998 945
999 956
