0 1058
1 971
2 959
3 1015
4 960
5 941
6 928
7 1032
8 1000
9 978
10 966
11 975
12 1027
13 1072
14 1027
15 1011
16 1055
17 1006
18 1028
19 1047
20 1001
21 976
22 949
23 972
24 963
25 959
26 980
27 973
28 970
29 960
30 942
31 1032
32 966
33 1011
34 1039
35 1006
36 1025
37 988
38 997
39 986
40 976
41 1017
42 979
43 1026
44 998
45 1023
46 1010
47 946
48 979
49 1008
50 1053
51 1009
52 950
53 1008
54 982
55 970
56 977
57 980
58 970
59 1010
60 970
61 1005
62 1000
63 1023
64 1017
65 1066
66 987
67 1001
68 969
69 993
70 960
71 997
72 1005
73 1035
74 1031
75 959
76 1013
77 1088
78 1025
79 1008
80 1034
81 973
82 1026
83 1021
84 978
85 984
86 1027
87 1012
88 1005
89 956
90 1016
91 1049
92 1004
93 978
94 971
95 1000
96 954
97 976
98 1013
99 1023
100 966
101 1046
102 991
103 990
104 1027
105 988
106 991
107 1013
108 1017
109 951
110 1024
111 988
112 1027
113 981
114 948
115 940
116 976
117 1047
118 992
119 986
120 986
121 1031
122 1026
123 1004
124 996
125 971
126 1039
127 926
128 995
129 1002
130 1071
131 1022
132 1085
133 1044
134 949
135 946
136 1000
137 962
138 993
139 1010
140 942
141 969
142 991
143 983
144 1015
145 1007
146 1045
147 968
148 996
149 1025
150 1028
151 983
152 1009
153 1061
154 1004
155 1005
156 978
157 965
158 1028
159 997
160 976
161 945
162 986
163 1055
164 1008
165 1050
166 979
167 998
168 1014
169 1038
170 968
171 1073
172 1001
173 951
174 970
175 1021
176 987
177 1021
178 947
179 1003
180 1007
181 1043
182 995
183 1005
184 999
185 959
186 959
187 1027
188 1019
189 916
190 1047
191 1003
192 999
193 973
194 955
195 1012
196 998
197 977
198 997
199 1002
200 973
201 971
202 989
203 1057
204 939
205 1011
206 968
207 981
208 999
209 978
210 1034
211 1011
212 999
213 998
214 1053
215 1059
216 992
217 1041
218 973
219 1031
220 958
221 987
222 1054
223 983
224 988
225 969
226 1021
227 994
228 1065
229 955
230 1063
231 917
232 990
233 999
234 984
235 1082
236 985
237 961
238 978
239 1010
240 950
241 921
242 1015
243 951
244 981
245 930
246 999
247 1034
248 1053
249 998
250 1023
251 1004
252 990
253 1001
254 967
255 1000
256 1003
257 1016
258 996
259 1008
260 1044
261 1001
262 967
263 1000
264 1036
265 972
266 1021
267 981
268 1018
269 968
270 957
271 1003
272 980
273 1057
274 986
275 958
276 988
277 1043
278 1028
279 928
280 1040
281 1012
282 987
283 986
284 1014
285 974
286 964
287 1046
288 992
289 1004
290 1017
291 1024
292 982
293 1047
294 1034
295 1007
296 1000
297 1022
298 965
299 1013
300 935
301 982
302 963
303 989
304 967
305 961
306 1018
307 1012
308 962
309 1004
310 979
311 1030
312 947
313 974
314 948
315 972
316 979
317 1002
318 953
319 992
320 1089
321 1011
322 1006
323 1030
324 1007
325 1011
326 962
327 1012
328 1025
329 986
330 1068
331 1026
332 1011
333 1054
334 996
335 991
336 965
337 962
338 984
339 951
340 1020
341 972
342 982
343 983
344 999
345 988
346 925
347 995
348 961
349 937
350 1026
351 1047
352 1005
353 986
354 993
355 996
356 993
357 968
358 1007
359 1024
360 1020
361 1036
362 939
363 980
364 982
365 1052
366 1014
367 1005
368 939
369 1024
370 1036
371 961
372 987
373 981
374 976
375 959
376 981
377 983
378 975
379 996
380 977
381 1022
382 935
383 990
384 997
385 1026
386 963
387 997
388 1002
389 932
390 993
391 1025
392 1003
393 990
394 986
395 1016
396 1011
397 995
398 1052
399 1006
400 1045
401 1018
402 951
403 930
404 1007
405 1011
406 975
407 983
408 1041
409 981
410 1010
411 1019
412 1012
413 1002
414 949
415 1031
416 1044
417 1003
418 1042
419 1033
420 982
421 1068
422 963
423 979
424 989
425 1009
426 1061
427 996
428 1042
429 1000
430 1017
431 1017
432 1008
433 1028
434 967
435 1002
436 1021
437 1036
438 996
439 1023
440 1029
441 996
442 1024
443 972
444 983
445 976
446 1035
447 1012
448 1046
449 966
450 1032
451 995
452 1050
453 1022
454 933
455 1022
456 982
457 980
458 988
459 987
460 980
461 995
462 1039
463 1038
464 987
465 1008
466 1032
467 1053
468 977
469 949
470 1012
471 991
472 1001
473 958
474 945
475 1020
476 986
477 1008
478 1041
479 972
480 1013
481 1007
482 981
483 988
484 996
485 969
486 987
487 1013
488 993
489 1021
490 1028
491 989
492 1064
493 1028
494 999
495 1039
496 959
497 1031
498 1003
499 1020
500 1013
501 995
502 1029
503 1012
504 953
505 946
506 1063
507 973
508 999
509 899
510 1007
511 1019
512 953
513 997
514 1015
515 1013
516 1009
517 974
518 1031
519 975
520 1022
521 1032
522 1033
523 1003
524 981
525 971
526 1003
527 941
528 968
529 937
530 1018
531 987
532 982
533 1014
534 1008
535 995
536 993
537 1003
538 1045
539 1009
540 932
541 1008
542 1030
543 1010
544 972
545 990
546 979
547 990
548 980
549 1046
550 975
551 1000
552 1014
553 1008
554 1041
555 993
556 965
557 1017
558 1068
559 987
560 1018
561 977
562 979
563 998
564 1024
565 1040
566 1063
567 1041
568 1045
569 976
570 987
571 997
572 1048
573 914
574 1004
575 1026
576 1037
577 1022
578 1057
579 1012
580 977
581 987
582 978
583 1019
584 1002
585 981
586 1002
587 1039
588 1002
589 972
590 987
591 1032
592 1076
593 1005
594 977
595 1040
596 1028
597 1021
598 974
599 1015
600 995
601 938
602 965
603 1036
604 1027
605 983
606 991
607 971
608 958
609 985
610 962
611 1005
612 996
613 975
614 1013
615 956
616 991
617 1005
618 1027
619 1029
620 970
621 986
622 1021
623 1008
624 1050
625 1033
626 1052
627 1019
628 1023
629 987
630 1020
631 972
632 980
633 966
634 982
635 1005
636 1027
637 988
638 984
639 1011
640 1008
641 1000
642 974
643 986
644 984
645 978
646 942
647 1020
648 1010
649 1015
650 999
651 973
652 999
653 993
654 1046
655 1005
656 1020
657 1012
658 1057
659 995
660 1014
661 1001
662 1034
663 1019
664 1047
665 1032
666 1027
667 1018
668 1035
669 998
670 1007
671 1015
672 983
673 1047
674 1006
675 1005
676 1011
677 992
678 1043
679 1003
680 975
681 997
682 1001
683 1020
684 1052
685 1039
686 984
687 1017
688 1021
689 982
690 1060
691 1007
692 948
693 1040
694 1035
695 1020
696 1030
697 1004
698 1009
699 1014
700 977
701 1029
702 1038
703 988
704 996
705 1042
706 996
707 956
708 1034
709 989
710 972
711 1007
712 955
713 1024
714 1052
715 1014
716 1025
717 1034
718 1007
719 983
720 990
721 973
722 1008
723 1041
724 1051
725 956
726 974
727 1012
728 984
729 992
730 961
731 1066
732 996
733 1013
734 1018
735 959
736 991
737 1018
738 948
739 994
740 994
741 1025
742 951
743 1034
744 977
745 988
746 996
747 1023
748 966
749 995
750 1076
751 1007
752 1026
753 985
754 1008
755 1050
756 1002
757 1029
758 956
759 1066
760 986
761 1005
762 1001
763 1020
764 1048
765 1014
766 968
767 1062
768 978
769 1002
770 986
771 947
772 1025
773 1051
774 939
775 993
776 1006
777 1061
778 1018
779 980
780 1025
781 1006
782 1016
783 948
784 994
785 954
786 1031
787 1024
788 980
789 1051
790 959
791 978
792 1033
793 976
794 940
795 1021
796 976
797 976
798 994
799 1025
800 1016
801 1011
802 1049
803 1019
804 981
805 957
806 974
807 1019
808 1041
809 1000
810 995
811 1088
812 1083
813 994
814 1001
815 970
816 1009
817 977
818 1092
819 931
820 943
821 1019
822 1039
823 1012
824 922
825 991
826 1005
827 992
828 1047
829 1002
830 1026
831 1006
832 976
833 1056
834 1015
835 992
836 951
837 1010
838 1007
839 959
840 1035
841 1011
842 995
843 946
844 1043
845 1023
846 1024
847 1008
848 1000
849 998
850 1005
851 1062
852 1005
853 1036
854 1029
855 991
856 1040
857 1007
858 1022
859 1059
860 980
861 983
862 970
863 1010
864 1007
865 1049
866 1036
867 993
868 982
869 996
870 1065
871 966
872 1009
873 981
874 915
875 983
876 1027
877 1011
878 977
879 1032
880 997
881 1022
882 964
883 965
884 1024
885 1021
886 1002
887 1024
888 996
889 957
890 973
891 966
892 975
893 1026
894 987
895 986
896 1011
897 971
898 989
899 1003
900 950
901 1001
902 1019
903 983
904 1043
905 1049
906 952
907 1000
908 1003
909 955
910 1036
911 947
912 1079
913 1029
914 955
915 1038
916 1021
917 952
918 1018
919 975
920 969
921 974
922 999
923 944
924 993
925 982
926 1006
927 1015
928 981
929 1013
930 991
931 1016
932 1021
933 1033
934 987
935 945
936 1000
937 992
938 989
939 1021
940 1018
941 984
942 1077
943 981
944 1019
945 975
946 972
947 991
948 1008
949 957
950 1005
951 990
952 988
953 984
954 917
955 998
956 1055
957 1014
958 976
959 999
960 965
961 1018
962 1040
963 1020
964 980
965 1017
966 963
967 1056
968 1009
969 1002
970 961
971 961
972 1016
973 1030
974 1020
975 1002
976 981
977 1020
978 961
979 968
980 1011
981 1002
982 992
983 978
984 933
985 1001
986 955
987 991
988 1014
989 946
990 1003
991 952
992 994
993 957
994 1031
995 1008
996 1025
997 1007
998 979
999 965
