0 0
1 0
2 0
3 0
4 1
5 1
6 1
7 4
8 1
9 1
10 3
11 11
12 9
13 15
14 17
15 19
16 23
17 39
18 42
19 59
20 65
21 81
22 100
23 102
24 146
25 145
26 207
27 190
28 238
29 284
30 275
31 378
32 451
33 463
34 555
35 609
36 645
37 690
38 797
39 890
40 971
41 1037
42 1054
43 1232
44 1317
45 1482
46 1566
47 1590
48 1739
49 1898
50 1999
51 2138
52 2276
53 2382
54 2397
55 2576
56 2761
57 2736
58 3039
59 3113
60 3187
61 3191
62 3450
63 3523
64 3579
65 3738
66 3927
67 3954
68 4064
69 4237
70 4206
71 4197
72 4363
73 4390
74 4491
75 4641
76 4640
77 4643
78 4626
79 4698
80 4865
81 4966
82 4875
83 4967
84 4857
85 4863
86 4968
87 4941
88 4829
89 4995
90 4992
91 4966
92 4917
93 4903
94 5050
95 5029
96 4949
97 4943
98 5024
99 4939
100 4848
101 5042
102 4806
103 4879
104 4999
105 4974
106 4910
107 4886
108 4925
109 4877
110 4958
111 4970
112 4996
113 5006
114 4967
115 4905
116 4998
117 4995
118 5073
119 5013
120 4937
121 5027
122 4913
123 5139
124 5231
125 4938
126 5053
127 4941
128 5036
129 5028
130 5085
131 5074
132 5041
133 5046
134 5051
135 4931
136 4982
137 5077
138 5040
139 4996
140 4781
141 5028
142 5059
143 4979
144 4820
145 5025
146 5070
147 5132
148 5097
149 5021
150 4958
151 5082
152 5056
153 5039
154 5050
155 4778
156 4996
157 5045
158 4946
159 4957
160 4992
161 5023
162 4925
163 4998
164 4998
165 4882
166 4964
167 4947
168 4848
169 5031
170 4845
171 5009
172 4983
173 5050
174 4979
175 5018
176 4966
177 4979
178 5028
179 4871
180 4873
181 4963
182 4875
183 4829
184 4923
185 4999
186 4909
187 4944
188 4876
189 4882
190 4844
191 4949
192 4724
193 4852
194 4873
195 4718
196 4743
197 4802
198 4766
199 4703
200 4709
201 4653
202 4656
203 4717
204 4648
205 4633
206 4484
207 4554
208 4524
209 4636
210 4512
211 4373
212 4487
213 4507
214 4500
215 4427
216 4400
217 4357
218 4247
219 4307
220 4289
221 4225
222 4175
223 4088
224 4122
225 4028
226 4002
227 3916
228 3856
229 3958
230 3758
231 3881
232 3684
233 3803
234 3642
235 3605
236 3570
237 3500
238 3396
239 3372
240 3223
241 3167
242 3128
243 3135
244 3161
245 2973
246 2998
247 2940
248 2733
249 2846
250 2710
251 2736
252 2597
253 2639
254 2455
255 2372
256 2378
257 2253
258 2301
259 2177
260 2119
261 2122
262 2053
263 1979
264 1857
265 1798
266 1843
267 1760
268 1762
269 1674
270 1568
271 1529
272 1526
273 1427
274 1356
275 1329
276 1287
277 1240
278 1210
279 1126
280 1118
281 1067
282 999
283 1017
284 956
285 902
286 882
287 791
288 798
289 744
290 709
291 723
292 662
293 675
294 581
295 573
296 547
297 508
298 468
299 449
300 418
301 429
302 354
303 352
304 366
305 349
306 326
307 303
308 244
309 249
310 237
311 222
312 245
313 190
314 176
315 187
316 168
317 150
318 138
319 147
320 111
321 111
322 96
323 86
324 106
325 82
326 77
327 68
328 73
329 67
330 55
331 47
332 55
333 47
334 50
335 47
336 32
337 43
338 27
339 29
340 27
341 25
342 21
343 15
344 10
345 15
346 18
347 10
348 9
349 11
350 8
351 8
352 4
353 10
354 9
355 7
356 3
357 7
358 4
359 3
360 4
361 1
362 1
363 1
364 1
365 3
366 2
367 0
368 2
369 1
370 1
371 1
372 0
373 1
374 0
375 0
376 1
377 0
378 1
379 0
380 0
381 0
382 0
383 1
384 0
385 0
386 0
387 0
388 0
389 0
390 0
391 0
392 0
393 0
394 0
395 0
396 0
397 0
398 0
399 0
400 0
401 0
402 0
403 0
404 0
405 0
406 0
407 0
408 0
409 0
410 0
411 0
412 0
413 0
414 0
415 0
416 0
417 0
418 0
419 0
420 0
421 0
422 0
423 0
424 0
425 0
426 0
427 0
428 0
429 0
430 0
431 0
432 0
433 0
434 0
435 0
436 0
437 0
438 0
439 0
440 0
441 0
442 0
443 0
444 0
445 0
446 0
447 0
448 0
449 0
450 0
451 0
452 0
453 0
454 0
455 0
456 0
457 0
458 0
459 0
460 0
461 0
462 0
463 0
464 0
465 0
466 0
467 0
468 0
469 0
470 0
471 0
472 0
473 0
474 0
475 0
476 0
477 0
478 0
479 0
480 0
481 0
482 0
483 0
484 0
485 0
486 0
487 0
488 0
489 0
490 0
491 0
492 0
493 0
494 0
495 0
496 0
497 0
498 0
499 0
500 0
501 0
502 0
503 0
504 0
505 0
506 0
507 0
508 0
509 0
510 0
511 0
512 0
513 0
514 0
515 0
516 0
517 0
518 0
519 0
520 0
521 0
522 0
523 0
524 0
525 0
526 0
527 0
528 0
529 0
530 0
531 0
532 0
533 0
534 0
535 0
536 0
537 0
538 0
539 0
540 0
541 0
542 0
543 0
544 0
545 0
546 0
547 0
548 0
549 0
550 0
551 0
552 0
553 0
554 0
555 0
556 0
557 0
558 0
559 0
560 0
561 0
562 0
563 0
564 0
565 0
566 0
567 0
568 0
569 0
570 0
571 0
572 0
573 0
574 0
575 0
576 0
577 0
578 0
579 0
580 0
581 0
582 0
583 0
584 0
585 0
586 0
587 0
588 0
589 0
590 0
591 0
592 0
593 0
594 0
595 0
596 0
597 0
598 0
599 0
600 0
601 0
602 0
603 0
604 0
605 0
606 0
607 0
608 0
609 0
610 0
611 0
612 0
613 0
614 0
615 0
616 0
617 0
618 0
619 0
620 0
621 0
622 0
623 0
624 0
625 0
626 0
627 0
628 0
629 0
630 0
631 0
632 0
633 0
634 0
635 0
636 0
637 0
638 0
639 0
640 0
641 0
642 0
643 0
644 0
645 0
646 0
647 0
648 0
649 0
650 0
651 0
652 0
653 0
654 0
655 0
656 0
657 0
658 0
659 0
660 0
661 0
662 0
663 0
664 0
665 0
666 0
667 0
668 0
669 0
670 0
671 0
672 0
673 0
674 0
675 0
676 0
677 0
678 0
679 0
680 0
681 0
682 0
683 0
684 0
685 0
686 0
687 0
688 0
689 0
690 0
691 0
692 0
693 0
694 0
695 0
696 0
697 0
698 0
699 0
700 0
701 0
702 0
703 0
704 0
705 0
706 0
707 0
708 0
709 0
710 0
711 0
712 0
713 0
714 0
715 0
716 0
717 0
718 0
719 0
720 0
721 0
722 0
723 0
724 0
725 0
726 0
727 0
728 0
729 0
730 0
731 0
732 0
733 0
734 0
735 0
736 0
737 0
738 0
739 0
740 0
741 0
742 0
743 0
744 0
745 0
746 0
747 0
748 0
749 0
750 0
751 0
752 0
753 0
754 0
755 0
756 0
757 0
758 0
759 0
760 0
761 0
762 0
763 0
764 0
765 0
766 0
767 0
768 0
769 0
770 0
771 0
772 0
773 0
774 0
775 0
776 0
777 0
778 0
779 0
780 0
781 0
782 0
783 0
784 0
785 0
786 0
787 0
788 0
789 0
790 0
791 0
792 0
793 0
794 0
795 0
796 0
797 0
798 0
799 0
800 0
801 0
802 0
803 0
804 0
805 0
806 0
807 0
808 0
809 0
810 0
811 0
812 0
813 0
814 0
815 0
816 0
817 0
818 0
819 0
820 0
821 0
822 0
823 0
824 0
825 0
826 0
827 0
828 0
829 0
830 0
831 0
832 0
833 0
834 0
835 0
836 0
837 0
838 0
839 0
840 0
841 0
842 0
843 0
844 0
845 0
846 0
847 0
848 0
849 0
850 0
851 0
852 0
853 0
854 0
855 0
856 0
857 0
858 0
859 0
860 0
861 0
862 0
863 0
864 0
865 0
866 0
867 0
868 0
869 0
870 0
871 0
872 0
873 0
874 0
875 0
876 0
877 0
878 0
879 0
880 0
881 0
882 0
883 0
884 0
885 0
886 0
887 0
888 0
889 0
890 0
891 0
892 0
893 0
894 0
895 0
896 0
897 0
898 0
899 0
900 0
901 0
902 0
903 0
904 0
905 0
906 0
907 0
908 0
909 0
910 0
911 0
912 0
913 0
914 0
915 0
916 0
917 0
918 0
919 0
920 0
921 0
922 0
923 0
924 0
925 0
926 0
927 0
928 0
929 0
930 0
931 0
932 0
933 0
934 0
935 0
936 0
937 0
938 0
939 0
940 0
941 0
942 0
943 0
944 0
945 0
946 0
947 0
948 0
949 0
950 0
951 0
952 0
953 0
954 0
955 0
956 0
957 0
958 0
959 0
960 0
961 0
962 0
963 0
964 0
965 0
966 0
967 0
968 0
969 0
970 0
971 0
972 0
973 0
974 0
975 0
976 0
977 0
978 0
979 0
980 0
981 0
982 0
983 0
984 0
985 0
986 0
987 0
988 0
989 0
990 0
991 0
992 0
993 0
994 0
995 0
996 0
997 0
998 0
999 0
