0 1014
1 984
2 990
3 1056
4 1027
5 989
6 1015
7 985
8 997
9 984
10 1009
11 1014
12 946
13 1042
14 980
15 959
16 983
17 955
18 1024
19 1045
20 966
21 995
22 949
23 1027
24 1036
25 1004
26 1024
27 1005
28 1009
29 998
30 1026
31 994
32 969
33 968
34 973
35 1083
36 1006
37 968
38 1004
39 1018
40 972
41 1004
42 1034
43 1008
44 1007
45 1046
46 972
47 1047
48 1035
49 1031
50 1033
51 1014
52 1006
53 1038
54 1011
55 984
56 974
57 953
58 961
59 985
60 1039
61 1029
62 1012
63 1028
64 993
65 1018
66 986
67 980
68 994
69 991
70 982
71 972
72 994
73 978
74 904
75 1003
76 998
77 985
78 1025
79 1016
80 984
81 970
82 1005
83 1006
84 988
85 973
86 1070
87 1000
88 1016
89 1041
90 1023
91 976
92 1051
93 926
94 980
95 974
96 1020
97 985
98 1022
99 1004
100 1034
101 959
102 1004
103 964
104 1009
105 956
106 999
107 1061
108 1040
109 973
110 982
111 991
112 997
113 1006
114 962
115 1015
116 1059
117 989
118 1017
119 948
120 1031
121 1050
122 995
123 1007
124 1010
125 990
126 957
127 998
128 973
129 958
130 968
131 1041
132 1033
133 961
134 1015
135 969
136 973
137 1007
138 996
139 1074
140 1060
141 1011
142 1026
143 1010
144 989
145 1046
146 1020
147 998
148 943
149 1019
150 946
151 1080
152 995
153 1030
154 1040
155 1046
156 1020
157 1084
158 990
159 1055
160 985
161 952
162 1014
163 956
164 983
165 1004
166 998
167 949
168 1005
169 971
170 997
171 978
172 966
173 1031
174 984
175 957
176 949
177 992
178 985
179 986
180 1008
181 994
182 1044
183 990
184 991
185 958
186 918
187 993
188 1012
189 963
190 988
191 1054
192 1021
193 993
194 1047
195 961
196 1011
197 1032
198 953
199 1030
200 1067
201 990
202 1011
203 987
204 1009
205 982
206 1007
207 1010
208 1042
209 943
210 965
211 1027
212 967
213 993
214 992
215 1031
216 971
217 936
218 986
219 1014
220 956
221 1044
222 1026
223 1023
224 1005
225 989
226 1029
227 1007
228 1000
229 985
230 989
231 1060
232 943
233 985
234 964
235 970
236 1008
237 941
238 1039
239 1062
240 997
241 1035
242 986
243 954
244 958
245 943
246 972
247 999
248 1021
249 991
250 1004
251 991
252 1000
253 982
254 978
255 1017
256 1045
257 969
258 1004
259 1026
260 970
261 1048
262 1020
263 1052
264 1007
265 997
266 1018
267 1064
268 1029
269 977
270 1003
271 951
272 992
273 974
274 1012
275 993
276 996
277 1015
278 1026
279 1003
280 1008
281 970
282 995
283 992
284 967
285 950
286 1034
287 986
288 978
289 1012
290 1010
291 1028
292 1025
293 1040
294 950
295 1023
296 1027
297 1093
298 958
299 995
300 968
301 952
302 965
303 998
304 972
305 1085
306 946
307 1015
308 990
309 1037
310 986
311 993
312 998
313 1076
314 992
315 1001
316 1003
317 1003
318 1034
319 979
320 1033
321 988
322 1020
323 1020
324 1015
325 968
326 1043
327 978
328 1012
329 984
330 996
331 1039
332 985
333 1005
334 983
335 977
336 1015
337 1017
338 977
339 981
340 976
341 1013
342 984
343 1004
344 999
345 1058
346 988
347 1027
348 966
349 1052
350 986
351 969
352 982
353 978
354 998
355 1004
356 986
357 975
358 990
359 1024
360 1004
361 926
362 1000
363 1042
364 999
365 967
366 968
367 1011
368 995
369 1025
370 1028
371 992
372 974
373 981
374 979
375 988
376 1029
377 999
378 987
379 1037
380 972
381 993
382 979
383 1023
384 996
385 952
386 998
387 1040
388 1035
389 1038
390 989
391 1009
392 1005
393 1031
394 981
395 994
396 949
397 974
398 968
399 1051
400 1073
401 988
402 1021
403 994
404 1030
405 1002
406 1013
407 1002
408 973
409 998
410 1014
411 970
412 1003
413 998
414 1024
415 974
416 995
417 953
418 982
419 939
420 998
421 970
422 986
423 906
424 935
425 998
426 988
427 1020
428 958
429 1039
430 1033
431 1023
432 1033
433 1020
434 1009
435 974
436 994
437 1001
438 947
439 1024
440 1019
441 1003
442 1023
443 975
444 1003
445 933
446 1040
447 1075
448 948
449 1034
450 1065
451 998
452 1046
453 1029
454 958
455 962
456 981
457 967
458 962
459 1024
460 984
461 1001
462 983
463 1022
464 970
465 993
466 1019
467 984
468 1004
469 1014
470 1019
471 1027
472 990
473 981
474 1014
475 995
476 973
477 1016
478 964
479 970
480 960
481 995
482 1019
483 951
484 952
485 992
486 1038
487 1017
488 1019
489 1013
490 1001
491 1036
492 999
493 999
494 994
495 959
496 993
497 1021
498 1013
499 1037
500 964
501 991
502 1033
503 977
504 1066
505 981
506 996
507 1025
508 982
509 1015
510 1018
511 1040
512 1072
513 1017
514 973
515 1013
516 1070
517 981
518 990
519 1050
520 1007
521 987
522 1006
523 1023
524 1030
525 976
526 972
527 993
528 965
529 1001
530 1027
531 966
532 993
533 1029
534 1020
535 996
536 968
537 1011
538 968
539 1013
540 950
541 941
542 1032
543 949
544 996
545 940
546 1021
547 971
548 984
549 1065
550 991
551 1006
552 970
553 939
554 997
555 972
556 945
557 990
558 982
559 981
560 1014
561 1044
562 977
563 1054
564 1017
565 1052
566 979
567 1017
568 945
569 1020
570 1029
571 1013
572 1038
573 987
574 1020
575 1034
576 1055
577 948
578 970
579 1043
580 1047
581 1026
582 1033
583 1010
584 1003
585 1026
586 1035
587 1020
588 1041
589 1011
590 954
591 988
592 1054
593 936
594 984
595 995
596 1028
597 996
598 1012
599 1018
600 1034
601 940
602 1044
603 1028
604 999
605 1027
606 1045
607 988
608 1004
609 985
610 1007
611 971
612 1045
613 1000
614 1011
615 929
616 932
617 1013
618 978
619 1021
620 1032
621 989
622 992
623 933
624 1001
625 982
626 1011
627 965
628 973
629 984
630 1035
631 1058
632 1086
633 1028
634 971
635 1010
636 1014
637 993
638 1012
639 971
640 1008
641 1045
642 981
643 1024
644 992
645 1009
646 1013
647 962
648 1039
649 1028
650 965
651 1016
652 993
653 983
654 980
655 1025
656 1004
657 977
658 1040
659 997
660 998
661 975
662 1024
663 974
664 998
665 1012
666 1052
667 1000
668 982
669 990
670 951
671 1049
672 1009
673 1007
674 944
675 1030
676 967
677 1002
678 1045
679 1001
680 928
681 990
682 1024
683 1024
684 1048
685 1034
686 963
687 967
688 1004
689 977
690 989
691 934
692 1018
693 1029
694 984
695 980
696 997
697 983
698 1062
699 1021
700 998
701 954
702 1006
703 973
704 1006
705 1053
706 977
707 1082
708 1016
709 944
710 1040
711 964
712 999
713 992
714 953
715 1054
716 930
717 1021
718 1016
719 999
720 1056
721 1056
722 1000
723 1000
724 982
725 985
726 936
727 1007
728 999
729 1014
730 928
731 1025
732 1017
733 1017
734 989
735 955
736 980
737 1015
738 1019
739 1029
740 991
741 993
742 995
743 960
744 1031
745 959
746 1055
747 996
748 998
749 1013
750 1009
751 979
752 1006
753 1041
754 943
755 1045
756 995
757 968
758 950
759 962
760 968
761 1014
762 1011
763 1028
764 963
765 1001
766 1009
767 1034
768 1041
769 1034
770 978
771 937
772 1026
773 993
774 999
775 1014
776 989
777 1088
778 1025
779 973
780 1008
781 1004
782 1080
783 971
784 1030
785 1023
786 990
787 1001
788 969
789 1007
790 981
791 1011
792 1013
793 1016
794 1019
795 958
796 1015
797 1051
798 964
799 993
800 1001
801 1001
802 984
803 985
804 1045
805 978
806 996
807 1000
808 1032
809 974
810 1038
811 976
812 977
813 985
814 996
815 1048
816 1013
817 981
818 954
819 1010
820 1031
821 1013
822 992
823 1016
824 982
825 974
826 984
827 1020
828 986
829 976
830 1013
831 1021
832 1039
833 990
834 1014
835 973
836 974
837 995
838 1056
839 1065
840 984
841 987
842 1020
843 937
844 927
845 962
846 1047
847 948
848 1007
849 1018
850 1005
851 1011
852 986
853 1039
854 935
855 1014
856 1022
857 988
858 947
859 999
860 1013
861 999
862 975
863 998
864 1056
865 1019
866 978
867 964
868 1021
869 949
870 1071
871 986
872 971
873 973
874 975
875 969
876 1028
877 1024
878 959
879 953
880 1021
881 1024
882 962
883 1026
884 1024
885 1017
886 965
887 922
888 982
889 951
890 983
891 994
892 1021
893 1008
894 1036
895 999
896 985
897 1001
898 997
899 982
900 1040
901 1005
902 1007
903 1007
904 1043
905 1005
906 981
907 1050
908 990
909 968
910 918
911 995
912 993
913 1004
914 975
915 1052
916 961
917 996
918 980
919 1026
920 1035
921 1007
922 997
923 1002
924 1009
925 983
926 1033
927 956
928 1007
929 1021
930 997
931 1017
932 992
933 1040
934 926
935 992
936 989
937 997
938 980
939 978
940 975
941 977
942 993
943 1023
944 965
945 1023
946 1037
947 1003
948 980
949 983
950 1017
951 1050
952 1007
953 980
954 1012
955 1002
956 1045
957 973
958 1049
959 1001
960 1042
961 1012
962 977
963 1019
964 999
965 999
966 1051
967 1023
968 1025
969 967
970 972
971 979
972 977
973 984
974 1045
975 1003
976 1039
977 979
978 1039
979 1027
980 983
981 992
982 1005
983 960
984 1017
985 1009
986 940
987 979
988 966
989 994
990 1050
991 987
992 1012
993 1029
994 1017
995 974
996 999
997 995
998 980
999 1014
