0 1308
1 1069
2 998
3 831
4 1157
5 780
6 970
7 981
8 1295
9 854
10 968
11 807
12 1192
13 884
14 1096
15 974
16 1307
17 878
18 832
19 898
20 1269
21 1003
22 1089
23 980
24 1253
25 933
26 944
27 859
28 1164
29 690
30 871
31 923
32 1230
33 1044
34 1077
35 908
36 1190
37 860
38 808
39 834
40 1245
41 985
42 963
43 863
44 1174
45 794
46 911
47 1039
48 1289
49 889
50 937
51 832
52 1127
53 939
54 1054
55 962
56 1352
57 874
58 839
59 849
60 1376
61 1014
62 962
63 929
64 1284
65 890
66 963
67 938
68 1196
69 736
70 870
71 877
72 1232
73 985
74 1118
75 883
76 1224
77 847
78 808
79 854
80 1357
81 1014
82 958
83 814
84 1177
85 836
86 927
87 1025
88 1333
89 818
90 948
91 843
92 1155
93 908
94 1124
95 962
96 1295
97 903
98 874
99 890
100 1343
101 1012
102 1045
103 953
104 1251
105 884
106 943
107 891
108 1234
109 712
110 869
111 854
112 1259
113 1045
114 1131
115 852
116 1248
117 772
118 858
119 859
120 1311
121 1015
122 983
123 824
124 1108
125 826
126 932
127 981
128 1361
129 830
130 952
131 847
132 1193
133 962
134 1167
135 972
136 1345
137 919
138 806
139 906
140 1354
141 995
142 1022
143 973
144 1229
145 921
146 960
147 859
148 1233
149 714
150 844
151 845
152 1215
153 1007
154 1146
155 834
156 1161
157 809
158 837
159 871
160 1301
161 1009
162 965
163 863
164 1221
165 768
166 926
167 1021
168 1261
169 878
170 933
171 869
172 1087
173 919
174 1124
175 951
176 1314
177 819
178 842
179 840
180 1285
181 1066
182 1042
183 960
184 1239
185 952
186 934
187 854
188 1181
189 692
190 836
191 877
192 1235
193 967
194 1075
195 868
196 1199
197 708
198 874
199 864
200 1233
201 996
202 934
203 844
204 1166
205 805
206 943
207 1034
208 1329
209 866
210 948
211 902
212 1148
213 910
214 1155
215 965
216 1281
217 914
218 823
219 877
220 1299
221 988
222 1031
223 992
224 1234
225 894
226 914
227 814
228 1218
229 715
230 811
231 903
232 1322
233 981
234 1101
235 928
236 1250
237 829
238 851
239 829
240 1404
241 1025
242 922
243 895
244 1159
245 789
246 980
247 982
248 1320
249 902
250 903
251 856
252 1134
253 956
254 1101
255 909
256 1258
257 910
258 820
259 856
260 1413
261 1041
262 1035
263 976
264 1263
265 898
266 954
267 898
268 1253
269 703
270 836
271 852
272 1224
273 969
274 1104
275 880
276 1175
277 879
278 865
279 804
280 1272
281 1053
282 967
283 867
284 1122
285 768
286 983
287 979
288 1289
289 912
290 964
291 844
292 1103
293 888
294 1135
295 989
296 1275
297 848
298 765
299 829
300 1355
301 984
302 1001
303 984
304 1250
305 925
306 945
307 883
308 1193
309 730
310 889
311 854
312 1135
313 1051
314 1094
315 930
316 1217
317 766
318 838
319 845
320 1304
321 1035
322 957
323 828
324 1121
325 823
326 909
327 1039
328 1363
329 891
330 928
331 865
332 1159
333 936
334 1087
335 1024
336 1369
337 844
338 804
339 875
340 1367
341 1069
342 1054
343 951
344 1250
345 883
346 967
347 863
348 1238
349 776
350 840
351 898
352 1198
353 993
354 1116
355 872
356 1163
357 865
358 786
359 893
360 1314
361 1018
362 982
363 823
364 1169
365 832
366 1039
367 994
368 1374
369 883
370 960
371 842
372 1142
373 919
374 1188
375 960
376 1289
377 866
378 851
379 920
380 1344
381 1020
382 1060
383 901
384 1228
385 882
386 896
387 883
388 1098
389 715
390 849
391 923
392 1203
393 1036
394 1098
395 891
396 1252
397 822
398 813
399 877
400 1388
401 1040
402 991
403 822
404 1204
405 819
406 915
407 976
408 1374
409 878
410 949
411 812
412 1137
413 919
414 1125
415 975
416 1316
417 826
418 850
419 861
420 1324
421 1044
422 1027
423 1000
424 1275
425 889
426 962
427 896
428 1267
429 703
430 936
431 894
432 1194
433 1020
434 1047
435 903
436 1178
437 793
438 792
439 852
440 1344
441 1003
442 962
443 835
444 1157
445 777
446 922
447 1029
448 1354
449 866
450 948
451 862
452 1118
453 920
454 1077
455 936
456 1287
457 864
458 775
459 809
460 1376
461 1026
462 992
463 1004
464 1238
465 918
466 989
467 885
468 1180
469 708
470 878
471 948
472 1282
473 1032
474 1037
475 850
476 1287
477 821
478 823
479 859
480 1366
481 1070
482 944
483 846
484 1223
485 816
486 967
487 1028
488 1278
489 860
490 977
491 875
492 1110
493 962
494 1096
495 947
496 1361
497 907
498 846
499 852
500 1257
501 1027
502 1051
503 890
504 1247
505 898
506 956
507 903
508 1164
509 713
510 901
511 838
512 1155
513 993
514 1170
515 817
516 1263
517 797
518 799
519 803
520 1293
521 1023
522 956
523 836
524 1146
525 789
526 1005
527 1021
528 1341
529 884
530 968
531 870
532 1137
533 942
534 1146
535 959
536 1342
537 860
538 834
539 811
540 1391
541 1048
542 1029
543 995
544 1234
545 954
546 955
547 834
548 1225
549 704
550 811
551 863
552 1207
553 931
554 1171
555 922
556 1243
557 780
558 789
559 899
560 1323
561 1057
562 967
563 823
564 1127
565 759
566 938
567 1055
568 1336
569 838
570 972
571 834
572 1160
573 896
574 1153
575 932
576 1287
577 889
578 815
579 823
580 1302
581 1040
582 1068
583 955
584 1265
585 863
586 976
587 895
588 1163
589 706
590 854
591 862
592 1256
593 1022
594 1115
595 884
596 1247
597 836
598 833
599 831
600 1325
601 1045
602 1032
603 905
604 1106
605 802
606 885
607 1021
608 1316
609 838
610 963
611 856
612 1126
613 931
614 1104
615 961
616 1324
617 901
618 817
619 829
620 1397
621 1008
622 1083
623 978
624 1291
625 865
626 890
627 872
628 1187
629 702
630 895
631 899
632 1210
633 1011
634 1126
635 905
636 1246
637 867
638 827
639 885
640 1219
641 1006
642 954
643 808
644 1146
645 802
646 931
647 1075
648 1404
649 849
650 922
651 827
652 1120
653 875
654 1159
655 897
656 1306
657 847
658 760
659 856
660 1354
661 1023
662 1051
663 952
664 1255
665 951
666 919
667 888
668 1163
669 700
670 826
671 921
672 1252
673 980
674 1162
675 921
676 1216
677 825
678 848
679 828
680 1308
681 981
682 981
683 759
684 1149
685 832
686 956
687 967
688 1375
689 888
690 896
691 788
692 1123
693 869
694 1086
695 975
696 1275
697 867
698 828
699 890
700 1387
701 1007
702 1024
703 951
704 1286
705 889
706 984
707 794
708 1194
709 750
710 814
711 927
712 1200
713 968
714 1121
715 898
716 1227
717 805
718 793
719 833
720 1256
721 1022
722 954
723 791
724 1122
725 822
726 968
727 1031
728 1328
729 907
730 955
731 853
732 1199
733 897
734 1055
735 974
736 1342
737 885
738 807
739 842
740 1344
741 1028
742 1122
743 900
744 1240
745 954
746 984
747 885
748 1168
749 709
750 894
751 915
752 1160
753 982
754 1086
755 863
756 1230
757 828
758 839
759 904
760 1350
761 1021
762 999
763 806
764 1152
765 787
766 988
767 1075
768 1371
769 854
770 990
771 801
772 1120
773 895
774 1136
775 942
776 1335
777 897
778 850
779 837
780 1321
781 1022
782 1028
783 952
784 1262
785 873
786 876
787 865
788 1239
789 738
790 895
791 916
792 1197
793 1005
794 1125
795 876
796 1167
797 827
798 819
799 852
800 1330
801 1010
802 1025
803 814
804 1143
805 845
806 920
807 1000
808 1290
809 860
810 956
811 851
812 1124
813 936
814 1102
815 936
816 1351
817 836
818 799
819 864
820 1372
821 1103
822 1042
823 968
824 1228
825 915
826 941
827 851
828 1169
829 741
830 841
831 880
832 1245
833 1019
834 1109
835 849
836 1242
837 806
838 869
839 866
840 1380
841 1060
842 961
843 815
844 1190
845 779
846 936
847 995
848 1310
849 840
850 1011
851 817
852 1137
853 935
854 1129
855 904
856 1382
857 898
858 802
859 849
860 1360
861 959
862 1081
863 963
864 1267
865 925
866 905
867 901
868 1182
869 724
870 838
871 897
872 1260
873 998
874 1103
875 914
876 1233
877 845
878 777
879 837
880 1341
881 1037
882 954
883 890
884 1138
885 819
886 930
887 1068
888 1307
889 882
890 953
891 937
892 1108
893 958
894 1138
895 957
896 1314
897 876
898 801
899 847
900 1371
901 1072
902 1102
903 992
904 1248
905 907
906 956
907 842
908 1218
909 718
910 839
911 871
912 1231
913 990
914 1113
915 833
916 1213
917 810
918 803
919 852
920 1335
921 994
922 1075
923 806
924 1144
925 818
926 949
927 954
928 1349
929 806
930 926
931 869
932 1112
933 916
934 1151
935 958
936 1328
937 882
938 797
939 840
940 1418
941 1002
942 1087
943 986
944 1246
945 849
946 875
947 844
948 1199
949 702
950 868
951 911
952 1262
953 1018
954 1091
955 831
956 1160
957 837
958 821
959 847
960 1369
961 996
962 944
963 837
964 1178
965 792
966 954
967 1042
968 1270
969 883
970 935
971 875
972 1156
973 891
974 1128
975 942
976 1297
977 838
978 797
979 882
980 1333
981 1043
982 1082
983 948
984 1238
985 869
986 965
987 906
988 1214
989 703
990 864
991 859
992 1225
993 1041
994 1098
995 826
996 1163
997 741
998 845
999 841
