0 1032
1 1034
2 994
3 1012
4 977
5 1041
6 987
7 1009
8 971
9 1031
10 984
11 1033
12 1041
13 990
14 1054
15 1020
16 988
17 990
18 1001
19 1034
20 1012
21 1020
22 966
23 1020
24 995
25 1015
26 1025
27 966
28 1039
29 1021
30 960
31 986
32 1008
33 1023
34 997
35 1054
36 1053
37 1017
38 1008
39 1031
40 1027
41 968
42 1049
43 1007
44 960
45 1005
46 1010
47 990
48 990
49 1006
50 967
51 1007
52 1002
53 1006
54 1028
55 1040
56 1049
57 997
58 1029
59 964
60 1034
61 1013
62 981
63 1012
64 1011
65 962
66 1061
67 1004
68 995
69 1007
70 1040
71 963
72 1014
73 975
74 969
75 1004
76 948
77 1063
78 936
79 959
80 954
81 1023
82 962
83 997
84 954
85 967
86 1039
87 1049
88 991
89 1001
90 958
91 981
92 927
93 955
94 1052
95 1058
96 967
97 935
98 1039
99 953
100 974
101 954
102 1020
103 981
104 1010
105 981
106 966
107 962
108 934
109 1025
110 1010
111 1034
112 996
113 976
114 986
115 986
116 994
117 1001
118 997
119 981
120 994
121 1004
122 1006
123 987
124 985
125 1051
126 1012
127 1020
128 982
129 992
130 990
131 966
132 961
133 1016
134 1035
135 1028
136 980
137 1061
138 1017
139 989
140 1003
141 1028
142 1000
143 1016
144 1035
145 1023
146 1005
147 964
148 1028
149 999
150 1030
151 945
152 958
153 984
154 1003
155 964
156 1019
157 952
158 944
159 957
160 1000
161 1044
162 1010
163 1031
164 984
165 980
166 1002
167 967
168 982
169 1040
170 1017
171 967
172 964
173 971
174 1028
175 979
176 1009
177 987
178 1012
179 1008
180 1017
181 1002
182 1005
183 965
184 1084
185 986
186 984
187 1021
188 999
189 949
190 994
191 1006
192 984
193 1016
194 967
195 979
196 967
197 1010
198 1041
199 1004
200 985
201 970
202 989
203 1009
204 982
205 967
206 1066
207 1047
208 997
209 960
210 1040
211 965
212 1032
213 1006
214 977
215 986
216 1046
217 1004
218 1026
219 980
220 960
221 980
222 1035
223 1000
224 996
225 1017
226 955
227 995
228 1066
229 954
230 1010
231 976
232 996
233 1044
234 983
235 1044
236 1007
237 975
238 993
239 973
240 1023
241 1061
242 996
243 1010
244 970
245 1003
246 996
247 1016
248 987
249 1024
250 1013
251 1041
252 960
253 1060
254 985
255 971
256 1011
257 995
258 1031
259 998
260 1006
261 990
262 944
263 1004
264 1037
265 997
266 935
267 1015
268 950
269 999
270 1007
271 984
272 1027
273 1001
274 1075
275 1015
276 1050
277 950
278 1042
279 953
280 971
281 1020
282 966
283 978
284 1001
285 994
286 1069
287 971
288 997
289 1021
290 1053
291 994
292 1049
293 1006
294 962
295 989
296 1012
297 1001
298 988
299 1003
300 1011
301 982
302 951
303 1014
304 1025
305 1046
306 975
307 1005
308 1010
309 969
310 981
311 1061
312 1003
313 1004
314 1002
315 1033
316 1022
317 1020
318 1007
319 1065
320 982
321 967
322 967
323 1045
324 999
325 1007
326 998
327 990
328 1018
329 988
330 1021
331 962
332 989
333 1036
334 1038
335 1002
336 1032
337 983
338 997
339 1012
340 1011
341 989
342 1007
343 1023
344 955
345 1052
346 1011
347 994
348 991
349 987
350 1061
351 933
352 981
353 941
354 1028
355 1000
356 1012
357 1010
358 1009
359 958
360 999
361 1035
362 996
363 1015
364 977
365 951
366 933
367 953
368 1013
369 1036
370 1032
371 996
372 1024
373 1049
374 986
375 1005
376 1020
377 1052
378 973
379 945
380 965
381 1000
382 1011
383 1023
384 979
385 1028
386 1027
387 1030
388 963
389 1022
390 1069
391 1026
392 1048
393 1046
394 966
395 961
396 1032
397 1032
398 1048
399 1020
400 1067
401 1024
402 967
403 989
404 1011
405 953
406 1035
407 924
408 997
409 984
410 965
411 1002
412 1025
413 930
414 1017
415 1034
416 1007
417 1001
418 1018
419 1030
420 994
421 997
422 1020
423 1006
424 988
425 946
426 995
427 947
428 962
429 1093
430 952
431 1023
432 984
433 1016
434 963
435 904
436 1038
437 992
438 981
439 1014
440 1020
441 968
442 1042
443 976
444 1013
445 995
446 1008
447 1019
448 993
449 1041
450 985
451 1017
452 967
453 1040
454 1019
455 1023
456 1088
457 948
458 1008
459 1011
460 989
461 1034
462 1019
463 981
464 1019
465 959
466 953
467 952
468 965
469 1008
470 990
471 1008
472 1001
473 1024
474 1004
475 961
476 1017
477 1008
478 927
479 1003
480 970
481 1015
482 1032
483 977
484 1043
485 931
486 1020
487 991
488 965
489 1028
490 1056
491 1042
492 935
493 1059
494 989
495 969
496 1014
497 1021
498 1000
499 1032
500 1007
501 1029
502 976
503 991
504 1016
505 1032
506 955
507 1009
508 969
509 970
510 1002
511 973
512 1015
513 904
514 1016
515 1026
516 1038
517 1023
518 978
519 979
520 989
521 1004
522 1036
523 972
524 966
525 1053
526 1015
527 1018
528 1001
529 1029
530 984
531 1040
532 1034
533 994
534 1005
535 977
536 986
537 1001
538 1011
539 1010
540 1021
541 1060
542 1025
543 981
544 1039
545 957
546 980
547 1001
548 1022
549 1004
550 974
551 967
552 1001
553 999
554 971
555 981
556 976
557 989
558 1036
559 1052
560 891
561 1021
562 1013
563 1007
564 1035
565 1006
566 951
567 1022
568 1021
569 967
570 961
571 966
572 970
573 1020
574 982
575 961
576 971
577 963
578 965
579 1010
580 1040
581 1035
582 990
583 1023
584 974
585 971
586 1027
587 974
588 1041
589 983
590 984
591 992
592 1034
593 1014
594 1003
595 1010
596 1004
597 943
598 1039
599 998
600 1020
601 994
602 1033
603 1001
604 1003
605 1010
606 1022
607 1012
608 1024
609 991
610 994
611 972
612 1024
613 1025
614 1000
615 1006
616 1012
617 976
618 1009
619 961
620 986
621 1010
622 968
623 1014
624 970
625 1002
626 1000
627 1021
628 966
629 985
630 1077
631 963
632 1011
633 962
634 1033
635 1010
636 937
637 997
638 996
639 985
640 1044
641 1008
642 960
643 1010
644 969
645 933
646 1017
647 954
648 960
649 976
650 979
651 1016
652 998
653 989
654 988
655 1022
656 1017
657 1010
658 1013
659 988
660 956
661 1013
662 993
663 1056
664 984
665 966
666 985
667 1005
668 1054
669 1007
670 1033
671 949
672 1080
673 996
674 1018
675 1018
676 1014
677 995
678 973
679 1019
680 1000
681 997
682 993
683 966
684 1007
685 1015
686 1001
687 984
688 1019
689 1020
690 966
691 997
692 1030
693 1025
694 1018
695 1012
696 1031
697 1060
698 938
699 992
700 979
701 979
702 1055
703 1005
704 1013
705 1042
706 1000
707 1022
708 1017
709 1036
710 1006
711 1010
712 1079
713 963
714 999
715 1015
716 996
717 975
718 1026
719 1071
720 1011
721 1002
722 1029
723 1022
724 1006
725 979
726 967
727 1051
728 992
729 987
730 981
731 972
732 981
733 997
734 944
735 984
736 1009
737 1037
738 1001
739 1027
740 1061
741 1011
742 969
743 987
744 950
745 994
746 993
747 966
748 1002
749 989
750 1016
751 983
752 995
753 1033
754 996
755 1077
756 954
757 993
758 986
759 1007
760 1036
761 989
762 957
763 1013
764 964
765 955
766 1040
767 1011
768 957
769 1039
770 989
771 1032
772 1010
773 1000
774 992
775 1035
776 998
777 968
778 996
779 1011
780 996
781 1002
782 970
783 1036
784 1041
785 1024
786 989
787 963
788 982
789 1012
790 999
791 1052
792 989
793 958
794 894
795 1000
796 953
797 1010
798 990
799 1001
800 1002
801 1029
802 1007
803 930
804 1016
805 978
806 1022
807 945
808 1023
809 966
810 1010
811 976
812 1034
813 978
814 972
815 1014
816 959
817 1023
818 1004
819 990
820 1017
821 964
822 943
823 956
824 1049
825 1000
826 1035
827 967
828 1039
829 1018
830 1052
831 1004
832 972
833 1012
834 957
835 1008
836 1012
837 1028
838 976
839 1036
840 961
841 962
842 963
843 1036
844 974
845 977
846 997
847 993
848 965
849 1002
850 1015
851 941
852 974
853 1026
854 981
855 958
856 987
857 1053
858 1006
859 1062
860 1026
861 995
862 1013
863 994
864 988
865 984
866 981
867 1017
868 1028
869 944
870 1037
871 1006
872 1000
873 972
874 999
875 996
876 963
877 1055
878 980
879 1027
880 1000
881 997
882 978
883 987
884 963
885 977
886 964
887 995
888 987
889 967
890 1074
891 996
892 946
893 985
894 1018
895 953
896 987
897 998
898 985
899 1006
900 1032
901 1003
902 1019
903 918
904 988
905 1021
906 1002
907 1053
908 983
909 997
910 996
911 992
912 922
913 1011
914 935
915 1051
916 956
917 957
918 1026
919 980
920 992
921 1065
922 1006
923 1029
924 1001
925 968
926 1012
927 989
928 1022
929 1065
930 981
931 981
932 1002
933 1012
934 990
935 1064
936 1000
937 965
938 986
939 1033
940 989
941 1000
942 943
943 998
944 1021
945 1005
946 971
947 1022
948 1019
949 968
950 998
951 978
952 971
953 1039
954 1012
955 1004
956 981
957 963
958 987
959 1009
960 976
961 1002
962 963
963 1033
964 999
965 1033
966 1007
967 968
968 971
969 1001
970 1056
971 999
972 997
973 1043
974 1040
975 924
976 1037
977 968
978 948
979 988
980 1031
981 1007
982 1056
983 1032
984 940
985 1019
986 1013
987 1083
988 1041
989 982
990 1020
991 1018
992 975
993 1037
994 1037
995 960
996 1021
997 1004
998 999
999 983
