0 1314
1 1038
2 980
3 898
4 1089
5 598
6 742
7 878
8 1302
9 920
10 1046
11 972
12 1169
13 977
14 1095
15 1004
16 1311
17 786
18 765
19 663
20 1111
21 917
22 990
23 1057
24 1289
25 883
26 847
27 845
28 1299
29 971
30 1083
31 976
32 1165
33 1007
34 1116
35 987
36 1378
37 876
38 879
39 858
40 1359
41 1064
42 1006
43 815
44 1119
45 641
46 710
47 847
48 1344
49 944
50 1096
51 925
52 1151
53 970
54 1138
55 958
56 1302
57 848
58 759
59 662
60 1033
61 840
62 993
63 1027
64 1382
65 853
66 873
67 882
68 1348
69 980
70 1076
71 928
72 1125
73 952
74 1152
75 913
76 1330
77 932
78 891
79 879
80 1322
81 1006
82 965
83 856
84 1135
85 614
86 703
87 803
88 1284
89 927
90 1078
91 926
92 1125
93 972
94 1135
95 1009
96 1345
97 791
98 741
99 646
100 1144
101 873
102 962
103 1034
104 1308
105 853
106 832
107 832
108 1383
109 963
110 1076
111 954
112 1151
113 917
114 1119
115 914
116 1320
117 820
118 862
119 823
120 1293
121 1035
122 986
123 939
124 1085
125 666
126 703
127 871
128 1285
129 984
130 1146
131 980
132 1115
133 934
134 1114
135 1006
136 1326
137 855
138 746
139 675
140 1071
141 855
142 1034
143 993
144 1348
145 905
146 837
147 840
148 1303
149 891
150 1132
151 946
152 1199
153 945
154 1082
155 987
156 1323
157 886
158 838
159 842
160 1364
161 1072
162 936
163 884
164 1072
165 640
166 735
167 826
168 1336
169 966
170 1113
171 933
172 1162
173 953
174 1098
175 988
176 1248
177 858
178 753
179 628
180 1077
181 849
182 968
183 1128
184 1375
185 881
186 814
187 840
188 1425
189 956
190 1041
191 976
192 1103
193 972
194 1169
195 978
196 1349
197 843
198 815
199 887
200 1344
201 1023
202 981
203 909
204 1109
205 644
206 723
207 842
208 1281
209 1000
210 1038
211 951
212 1145
213 955
214 1155
215 992
216 1333
217 869
218 707
219 593
220 1135
221 841
222 1013
223 1066
224 1395
225 840
226 825
227 869
228 1328
229 926
230 1046
231 946
232 1147
233 960
234 1150
235 944
236 1278
237 864
238 808
239 890
240 1323
241 1008
242 1009
243 883
244 1089
245 640
246 765
247 846
248 1298
249 938
250 1129
251 936
252 1132
253 936
254 1066
255 950
256 1343
257 849
258 741
259 599
260 1088
261 821
262 958
263 1023
264 1381
265 812
266 809
267 872
268 1398
269 961
270 1138
271 955
272 1105
273 908
274 1119
275 954
276 1309
277 886
278 835
279 873
280 1308
281 1044
282 1002
283 842
284 1110
285 627
286 732
287 800
288 1311
289 1017
290 1087
291 981
292 1113
293 899
294 1088
295 968
296 1325
297 819
298 706
299 674
300 1095
301 841
302 978
303 1037
304 1261
305 857
306 857
307 836
308 1382
309 990
310 1166
311 951
312 1123
313 984
314 1130
315 963
316 1313
317 888
318 856
319 874
320 1350
321 1050
322 1036
323 848
324 1125
325 619
326 733
327 897
328 1276
329 996
330 1071
331 880
332 1166
333 928
334 1170
335 1010
336 1298
337 792
338 766
339 658
340 1092
341 885
342 1034
343 1090
344 1365
345 928
346 874
347 921
348 1315
349 977
350 1139
351 904
352 1146
353 954
354 1107
355 946
356 1397
357 854
358 866
359 830
360 1389
361 1073
362 986
363 878
364 1145
365 650
366 732
367 827
368 1311
369 923
370 1010
371 939
372 1112
373 968
374 1098
375 904
376 1246
377 865
378 736
379 615
380 1090
381 795
382 963
383 1053
384 1375
385 851
386 880
387 942
388 1329
389 956
390 1153
391 942
392 1140
393 956
394 1085
395 913
396 1332
397 916
398 817
399 895
400 1399
401 1042
402 986
403 871
404 1165
405 595
406 700
407 857
408 1328
409 1029
410 1137
411 1001
412 1144
413 972
414 1138
415 929
416 1269
417 848
418 751
419 601
420 1076
421 843
422 1011
423 1009
424 1306
425 875
426 899
427 915
428 1319
429 976
430 1138
431 954
432 1159
433 929
434 1107
435 973
436 1371
437 912
438 780
439 827
440 1364
441 1021
442 1013
443 899
444 1134
445 658
446 734
447 819
448 1333
449 960
450 1147
451 993
452 1140
453 959
454 1110
455 1001
456 1292
457 870
458 750
459 647
460 1043
461 849
462 1014
463 1035
464 1341
465 889
466 850
467 884
468 1392
469 988
470 1168
471 985
472 1106
473 908
474 1134
475 980
476 1328
477 854
478 794
479 885
480 1287
481 1062
482 997
483 844
484 1125
485 630
486 695
487 842
488 1286
489 1001
490 1112
491 893
492 1191
493 906
494 1173
495 946
496 1311
497 829
498 669
499 645
500 1101
501 884
502 1033
503 1046
504 1293
505 883
506 873
507 919
508 1342
509 941
510 1112
511 938
512 1123
513 916
514 1128
515 928
516 1383
517 911
518 866
519 866
520 1330
521 1078
522 1032
523 864
524 1067
525 652
526 730
527 848
528 1268
529 987
530 1112
531 923
532 1115
533 988
534 1072
535 1015
536 1306
537 831
538 711
539 657
540 1125
541 874
542 1007
543 1086
544 1339
545 838
546 834
547 886
548 1355
549 924
550 1131
551 1030
552 1110
553 952
554 1083
555 977
556 1217
557 875
558 877
559 874
560 1391
561 1053
562 967
563 823
564 1029
565 619
566 682
567 882
568 1266
569 1004
570 1069
571 942
572 1114
573 951
574 1091
575 904
576 1229
577 798
578 759
579 623
580 1153
581 817
582 1017
583 1026
584 1383
585 857
586 805
587 906
588 1281
589 981
590 1107
591 917
592 1217
593 919
594 1148
595 1010
596 1376
597 893
598 804
599 812
600 1327
601 1003
602 998
603 849
604 1060
605 627
606 755
607 825
608 1328
609 974
610 1086
611 945
612 1158
613 931
614 1043
615 988
616 1259
617 898
618 736
619 646
620 1181
621 794
622 989
623 1025
624 1357
625 836
626 854
627 856
628 1356
629 984
630 1099
631 953
632 1150
633 1006
634 1110
635 1020
636 1350
637 923
638 814
639 795
640 1338
641 1078
642 1032
643 804
644 1089
645 634
646 762
647 890
648 1386
649 1000
650 1053
651 963
652 1190
653 960
654 1106
655 942
656 1315
657 845
658 734
659 623
660 1091
661 875
662 996
663 1030
664 1384
665 903
666 839
667 890
668 1373
669 1005
670 1100
671 905
672 1111
673 914
674 1121
675 1013
676 1347
677 905
678 910
679 848
680 1365
681 1058
682 983
683 830
684 1102
685 643
686 753
687 924
688 1295
689 966
690 1175
691 886
692 1176
693 952
694 1101
695 938
696 1320
697 816
698 705
699 650
700 1063
701 837
702 1055
703 1013
704 1341
705 891
706 856
707 930
708 1325
709 1021
710 1084
711 992
712 1143
713 939
714 1097
715 942
716 1382
717 863
718 795
719 872
720 1371
721 1053
722 1056
723 840
724 1120
725 669
726 740
727 820
728 1346
729 919
730 1098
731 990
732 1214
733 947
734 1109
735 922
736 1302
737 844
738 756
739 670
740 1148
741 859
742 932
743 1073
744 1332
745 822
746 849
747 899
748 1383
749 984
750 1167
751 949
752 1147
753 991
754 1165
755 938
756 1318
757 870
758 855
759 860
760 1389
761 1057
762 1022
763 875
764 1123
765 586
766 760
767 900
768 1294
769 939
770 1151
771 933
772 1189
773 933
774 1108
775 990
776 1263
777 841
778 686
779 643
780 1154
781 863
782 1012
783 1034
784 1323
785 950
786 834
787 883
788 1403
789 939
790 1081
791 926
792 1090
793 941
794 1128
795 950
796 1347
797 916
798 820
799 918
800 1420
801 1063
802 989
803 834
804 1168
805 616
806 759
807 841
808 1370
809 917
810 1181
811 1017
812 1154
813 1020
814 1143
815 986
816 1337
817 855
818 697
819 648
820 1063
821 857
822 986
823 1037
824 1283
825 838
826 826
827 859
828 1428
829 905
830 1116
831 949
832 1107
833 976
834 1115
835 998
836 1337
837 919
838 875
839 841
840 1325
841 1002
842 1077
843 869
844 1085
845 622
846 663
847 867
848 1296
849 989
850 1167
851 972
852 1137
853 915
854 1211
855 872
856 1348
857 828
858 694
859 589
860 1129
861 814
862 1057
863 993
864 1397
865 859
866 850
867 873
868 1351
869 987
870 1082
871 954
872 1151
873 965
874 1154
875 950
876 1339
877 919
878 830
879 899
880 1315
881 1043
882 962
883 919
884 1081
885 622
886 715
887 848
888 1286
889 943
890 1038
891 932
892 1139
893 970
894 1149
895 968
896 1330
897 875
898 707
899 609
900 1112
901 862
902 1013
903 1122
904 1328
905 892
906 826
907 879
908 1395
909 952
910 1150
911 942
912 1153
913 982
914 1060
915 924
916 1241
917 833
918 882
919 861
920 1385
921 1037
922 990
923 879
924 1127
925 626
926 739
927 864
928 1263
929 1025
930 1098
931 925
932 1175
933 973
934 1101
935 972
936 1321
937 835
938 749
939 689
940 1130
941 835
942 1017
943 1016
944 1369
945 896
946 832
947 912
948 1405
949 937
950 1096
951 953
952 1106
953 971
954 1125
955 992
956 1376
957 893
958 833
959 831
960 1304
961 994
962 951
963 835
964 1080
965 625
966 742
967 891
968 1318
969 947
970 1071
971 934
972 1164
973 966
974 1107
975 908
976 1358
977 836
978 715
979 592
980 1063
981 855
982 981
983 1052
984 1298
985 823
986 853
987 868
988 1345
989 920
990 1114
991 980
992 1181
993 925
994 1089
995 916
996 1377
997 866
998 858
999 859
