0 9612
1 563
2 385
3 538
4 799
5 396
6 512
7 591
8 2353
9 574
10 1552
11 380
12 859
13 509
14 401
15 628
16 2456
17 510
18 563
19 540
20 4145
21 565
22 432
23 474
24 2447
25 445
26 593
27 581
28 760
29 574
30 1522
31 469
32 2433
33 540
34 417
35 509
36 772
37 479
38 570
39 513
40 6010
41 587
42 372
43 547
44 783
45 417
46 483
47 610
48 2414
49 552
50 1447
51 410
52 811
53 484
54 426
55 553
56 2440
57 513
58 566
59 562
60 3047
61 594
62 403
63 498
64 2398
65 438
66 525
67 551
68 762
69 538
70 1425
71 452
72 2326
73 516
74 383
75 568
76 746
77 471
78 590
79 534
80 5899
81 549
82 373
83 479
84 819
85 403
86 529
87 629
88 2337
89 598
90 1563
91 394
92 842
93 420
94 412
95 566
96 2326
97 526
98 541
99 538
100 4163
101 555
102 407
103 471
104 2488
105 435
106 555
107 534
108 823
109 507
110 1438
111 471
112 2413
113 499
114 394
115 539
116 795
117 546
118 550
119 475
120 5886
121 574
122 365
123 481
124 789
125 3532
126 510
127 614
128 2379
129 547
130 1503
131 383
132 871
133 477
134 404
135 602
136 2367
137 550
138 576
139 493
140 3037
141 563
142 370
143 495
144 2396
145 447
146 584
147 568
148 759
149 549
150 1492
151 482
152 2288
153 479
154 392
155 528
156 757
157 494
158 576
159 461
160 4727
161 558
162 327
163 518
164 787
165 419
166 536
167 593
168 2333
169 590
170 1530
171 408
172 866
173 485
174 402
175 543
176 2355
177 484
178 538
179 558
180 3045
181 595
182 390
183 533
184 2453
185 434
186 567
187 556
188 738
189 517
190 1503
191 505
192 2342
193 533
194 429
195 531
196 714
197 501
198 584
199 490
200 5923
201 560
202 352
203 515
204 826
205 396
206 461
207 615
208 2296
209 579
210 1470
211 384
212 839
213 487
214 450
215 573
216 2320
217 507
218 526
219 531
220 4175
221 570
222 426
223 444
224 2398
225 477
226 510
227 521
228 765
229 586
230 1436
231 451
232 2465
233 514
234 398
235 490
236 758
237 519
238 535
239 492
240 5975
241 582
242 341
243 497
244 832
245 386
246 442
247 622
248 2346
249 566
250 4626
251 404
252 915
253 513
254 430
255 610
256 2433
257 548
258 524
259 543
260 3032
261 585
262 392
263 483
264 2368
265 486
266 603
267 525
268 782
269 583
270 1476
271 465
272 2378
273 516
274 400
275 531
276 724
277 528
278 551
279 496
280 6031
281 565
282 382
283 508
284 803
285 421
286 463
287 595
288 2471
289 578
290 1553
291 383
292 902
293 460
294 444
295 516
296 2382
297 543
298 538
299 599
300 4124
301 577
302 373
303 449
304 2499
305 425
306 541
307 514
308 730
309 530
310 1459
311 476
312 2307
313 533
314 411
315 530
316 724
317 490
318 558
319 514
320 5915
321 560
322 366
323 503
324 795
325 389
326 476
327 581
328 2356
329 556
330 1532
331 410
332 833
333 511
334 441
335 570
336 2407
337 507
338 551
339 516
340 3029
341 566
342 435
343 476
344 2408
345 416
346 548
347 584
348 749
349 542
350 1479
351 440
352 2364
353 528
354 392
355 510
356 739
357 531
358 536
359 525
360 4595
361 541
362 365
363 509
364 805
365 398
366 479
367 616
368 2472
369 551
370 1540
371 401
372 835
373 489
374 420
375 3613
376 2370
377 549
378 563
379 544
380 3162
381 561
382 395
383 506
384 2400
385 451
386 577
387 545
388 727
389 550
390 1496
391 493
392 2322
393 526
394 401
395 513
396 758
397 504
398 581
399 506
400 5857
401 544
402 339
403 516
404 798
405 411
406 524
407 652
408 2284
409 567
410 1461
411 392
412 795
413 509
414 402
415 603
416 2352
417 502
418 553
419 571
420 4169
421 547
422 408
423 483
424 2448
425 451
426 541
427 555
428 765
429 562
430 1519
431 451
432 2396
433 511
434 390
435 508
436 732
437 507
438 549
439 485
440 5984
441 599
442 370
443 504
444 775
445 430
446 483
447 621
448 2398
449 547
450 1467
451 396
452 840
453 508
454 424
455 594
456 2420
457 513
458 534
459 541
460 2999
461 562
462 416
463 489
464 2329
465 447
466 539
467 558
468 784
469 556
470 1429
471 508
472 2415
473 546
474 398
475 486
476 707
477 491
478 508
479 539
480 6098
481 543
482 375
483 504
484 842
485 407
486 495
487 668
488 2417
489 541
490 1581
491 410
492 864
493 480
494 429
495 563
496 2407
497 472
498 542
499 547
500 7217
501 572
502 425
503 478
504 2396
505 493
506 595
507 516
508 753
509 527
510 1464
511 454
512 2394
513 524
514 442
515 537
516 726
517 510
518 596
519 517
520 5748
521 549
522 385
523 509
524 790
525 410
526 502
527 581
528 2435
529 552
530 1487
531 397
532 873
533 494
534 453
535 533
536 2477
537 529
538 537
539 586
540 3149
541 564
542 410
543 437
544 2418
545 440
546 542
547 528
548 745
549 580
550 1474
551 477
552 2359
553 524
554 429
555 528
556 744
557 496
558 579
559 492
560 4659
561 560
562 358
563 500
564 804
565 423
566 489
567 606
568 2368
569 612
570 1566
571 420
572 904
573 452
574 422
575 574
576 2469
577 523
578 537
579 508
580 3019
581 529
582 377
583 512
584 2456
585 434
586 537
587 561
588 773
589 530
590 1528
591 474
592 2397
593 543
594 414
595 578
596 731
597 486
598 536
599 485
600 5974
601 534
602 358
603 448
604 824
605 424
606 518
607 644
608 2457
609 560
610 1398
611 434
612 825
613 489
614 432
615 561
616 2398
617 534
618 576
619 566
620 4288
621 579
622 406
623 518
624 2462
625 3481
626 530
627 485
628 751
629 573
630 1530
631 469
632 2376
633 573
634 396
635 504
636 732
637 531
638 566
639 535
640 5841
641 602
642 382
643 479
644 822
645 420
646 495
647 584
648 2306
649 584
650 1481
651 403
652 865
653 485
654 421
655 530
656 2392
657 528
658 542
659 605
660 2960
661 536
662 395
663 471
664 2309
665 439
666 524
667 543
668 771
669 523
670 1404
671 458
672 2427
673 560
674 438
675 529
676 741
677 481
678 551
679 505
680 5994
681 573
682 366
683 472
684 813
685 369
686 486
687 578
688 2330
689 606
690 1594
691 363
692 875
693 493
694 422
695 633
696 2446
697 541
698 573
699 523
700 4220
701 586
702 416
703 522
704 2464
705 453
706 541
707 546
708 767
709 584
710 1405
711 435
712 2339
713 553
714 388
715 508
716 749
717 519
718 572
719 527
720 5907
721 565
722 339
723 511
724 716
725 414
726 528
727 643
728 2394
729 569
730 1556
731 373
732 878
733 494
734 451
735 602
736 2410
737 550
738 540
739 550
740 2940
741 575
742 377
743 508
744 2428
745 437
746 567
747 566
748 715
749 543
750 4520
751 471
752 2353
753 499
754 433
755 520
756 706
757 546
758 536
759 502
760 4682
761 579
762 372
763 509
764 806
765 395
766 501
767 620
768 2293
769 562
770 1532
771 399
772 860
773 468
774 419
775 548
776 2482
777 579
778 504
779 576
780 3009
781 548
782 414
783 456
784 2541
785 502
786 564
787 534
788 751
789 579
790 1536
791 482
792 2309
793 519
794 432
795 559
796 769
797 511
798 523
799 481
800 5849
801 578
802 371
803 484
804 775
805 444
806 480
807 617
808 2431
809 584
810 1455
811 369
812 857
813 491
814 430
815 558
816 2503
817 528
818 557
819 549
820 4294
821 538
822 412
823 484
824 2461
825 466
826 552
827 543
828 752
829 548
830 1487
831 521
832 2348
833 524
834 425
835 493
836 739
837 531
838 543
839 519
840 5912
841 581
842 344
843 497
844 860
845 379
846 461
847 629
848 2316
849 593
850 1466
851 416
852 829
853 488
854 424
855 558
856 2487
857 551
858 539
859 575
860 2935
861 581
862 409
863 472
864 2540
865 487
866 537
867 582
868 723
869 531
870 1481
871 478
872 2397
873 523
874 387
875 3722
876 724
877 510
878 573
879 510
880 5813
881 591
882 358
883 495
884 815
885 406
886 477
887 632
888 2332
889 557
890 1584
891 380
892 851
893 493
894 419
895 582
896 2398
897 526
898 504
899 598
900 4165
901 545
902 435
903 511
904 2469
905 505
906 534
907 559
908 726
909 534
910 1477
911 447
912 2481
913 504
914 395
915 559
916 719
917 496
918 592
919 502
920 5931
921 557
922 382
923 511
924 815
925 407
926 539
927 625
928 2316
929 561
930 1547
931 425
932 864
933 486
934 436
935 604
936 2403
937 573
938 553
939 530
940 3041
941 558
942 381
943 554
944 2430
945 480
946 543
947 500
948 738
949 497
950 1500
951 499
952 2330
953 546
954 386
955 483
956 716
957 496
958 526
959 529
960 4604
961 600
962 366
963 485
964 824
965 377
966 486
967 616
968 2361
969 556
970 1511
971 364
972 843
973 485
974 423
975 585
976 2315
977 531
978 542
979 555
980 3112
981 573
982 400
983 495
984 2454
985 456
986 557
987 583
988 764
989 557
990 1574
991 467
992 2377
993 537
994 401
995 588
996 719
997 486
998 591
999 555
