0.10 0.267935
0.15 0.274866
0.20 0.261398
0.25 0.250395
0.30 0.254804
0.35 0.256783
0.40 0.240628
0.45 0.245522
0.50 0.237977
0.55 0.244071
0.60 0.236311
0.65 0.246975
0.70 0.241528
0.75 0.238077
0.80 0.234711
0.85 0.235451
0.90 0.244883
0.95 0.233396
1.00 0.248751
1.05 0.238282
1.10 0.240133
1.15 0.245783
1.20 0.249313
1.25 0.252779
1.30 0.254516
1.35 0.247525
1.40 0.248670
1.45 0.239115
1.50 0.244944
1.55 0.253602
1.60 0.251549
1.65 0.250278
1.70 0.266162
1.75 0.249055
1.80 0.246598
1.85 0.250282
1.90 0.248769
1.95 0.248578
2.00 0.247179
