10000 0.002698
20000 0.006068
30000 0.010807
40000 0.013222
50000 0.019843
60000 0.021660
70000 0.026587
80000 0.028819
90000 0.038212
100000 0.043014
110000 0.044166
120000 0.049231
130000 0.050557
140000 0.059003
150000 0.063577
160000 0.063930
170000 0.077840
180000 0.086027
190000 0.086732
200000 0.083330
210000 0.087953
220000 0.097214
230000 0.099862
240000 0.099462
250000 0.100331
260000 0.104869
270000 0.111281
280000 0.122663
290000 0.126508
300000 0.125455
310000 0.137451
320000 0.145485
330000 0.141856
340000 0.141634
350000 0.177626
360000 0.163545
370000 0.174011
380000 0.167956
390000 0.177280
400000 0.186231
410000 0.193757
420000 0.187464
430000 0.212090
440000 0.233375
450000 0.235663
460000 0.228044
470000 0.222330
480000 0.235716
490000 0.335929
500000 0.299302
510000 0.266219
520000 0.245264
530000 0.236598
540000 0.230563
550000 0.246320
560000 0.237224
570000 0.252698
580000 0.243637
590000 0.259125
600000 0.244294
610000 0.263152
620000 0.277109
630000 0.262757
640000 0.278271
650000 0.270953
660000 0.285249
670000 0.274051
680000 0.280426
690000 0.342295
700000 0.343746
710000 0.347023
720000 0.347474
730000 0.374223
740000 0.365716
750000 0.363462
760000 0.390021
770000 0.472152
780000 0.381454
790000 0.413773
800000 0.461490
810000 0.426087
820000 0.435212
830000 0.480243
840000 0.461519
850000 0.483651
860000 0.507979
870000 0.442201
880000 0.433550
890000 0.429539
900000 0.430437
910000 0.542716
920000 0.458236
930000 0.469590
940000 0.448792
950000 0.455443
960000 0.475959
970000 0.468388
980000 0.556681
990000 0.461796
1000000 0.480963
