10000 0.003675
20000 0.007871
30000 0.010513
40000 0.016450
50000 0.016009
60000 0.019417
70000 0.025508
80000 0.027718
90000 0.029135
100000 0.036248
110000 0.040524
120000 0.044972
130000 0.048862
140000 0.051547
150000 0.055617
160000 0.056528
170000 0.059106
180000 0.064941
190000 0.065325
200000 0.069899
210000 0.072766
220000 0.077018
230000 0.078173
240000 0.081213
250000 0.099472
260000 0.099372
270000 0.093577
280000 0.102130
290000 0.105777
300000 0.103490
310000 0.113152
320000 0.117257
330000 0.118778
340000 0.121938
350000 0.132645
360000 0.128586
370000 0.139454
380000 0.129099
390000 0.136170
400000 0.136343
410000 0.169048
420000 0.152920
430000 0.166525
440000 0.168260
450000 0.184140
460000 0.175664
470000 0.165482
480000 0.170792
490000 0.203451
500000 0.200279
510000 0.208587
520000 0.207320
530000 0.205595
540000 0.212722
550000 0.214104
560000 0.219221
570000 0.232542
580000 0.229982
590000 0.226795
600000 0.244125
610000 0.244776
620000 0.253437
630000 0.255348
640000 0.257335
650000 0.271206
660000 0.254276
670000 0.264067
680000 0.263484
690000 0.267532
700000 0.289044
710000 0.280620
720000 0.284890
730000 0.279412
740000 0.258185
750000 0.266497
760000 0.289651
770000 0.283895
780000 0.314777
790000 0.330868
800000 0.348129
810000 0.337874
820000 0.324704
830000 0.335642
840000 0.338157
850000 0.357120
860000 0.483514
870000 0.381511
880000 0.350439
890000 0.339126
900000 0.335474
910000 0.339096
920000 0.351911
930000 0.351170
940000 0.366782
950000 0.392507
960000 0.358424
970000 0.382438
980000 0.441995
990000 0.450172
1000000 0.444478
