10000 0.003420
20000 0.008314
30000 0.017078
40000 0.016946
50000 0.020559
60000 0.029103
70000 0.031977
80000 0.041569
90000 0.047079
100000 0.052042
110000 0.085882
120000 0.076834
130000 0.086742
140000 0.084255
150000 0.100675
160000 0.076333
170000 0.087045
180000 0.089744
190000 0.092928
200000 0.094685
210000 0.100530
220000 0.103971
230000 0.133365
240000 0.137184
250000 0.141946
260000 0.139630
270000 0.154544
280000 0.159075
290000 0.176472
300000 0.177323
310000 0.170585
320000 0.176160
330000 0.179320
340000 0.186228
350000 0.190288
360000 0.201290
370000 0.203113
380000 0.216687
390000 0.223140
400000 0.223117
410000 0.227575
420000 0.231854
430000 0.233381
440000 0.222302
450000 0.231115
460000 0.313363
470000 0.281817
480000 0.286669
490000 0.284811
500000 0.298771
510000 0.299740
520000 0.303152
530000 0.308158
540000 0.305023
550000 0.320718
560000 0.316650
570000 0.316660
580000 0.336776
590000 0.332802
600000 0.334069
610000 0.349085
620000 0.344282
630000 0.352525
640000 0.363368
650000 0.362511
660000 0.367068
670000 0.373070
680000 0.379490
690000 0.380332
700000 0.386589
710000 0.387919
720000 0.389985
730000 0.404429
740000 0.407197
750000 0.418124
760000 0.406308
770000 0.469450
780000 0.430967
790000 0.427186
800000 0.447195
810000 0.438976
820000 0.454788
830000 0.462883
840000 0.469167
850000 0.474580
860000 0.468620
870000 0.478801
880000 0.494505
890000 0.469163
900000 0.477250
910000 0.592377
920000 0.593181
930000 0.600414
940000 0.606936
950000 0.629419
960000 0.620665
970000 0.610399
980000 0.642753
990000 0.621823
1000000 0.628005
