10000 0.002399
20000 0.004596
30000 0.008680
40000 0.011024
50000 0.014657
60000 0.016354
70000 0.018580
80000 0.022961
90000 0.026566
100000 0.032352
110000 0.035560
120000 0.034892
130000 0.041667
140000 0.040607
150000 0.044375
160000 0.054182
170000 0.060668
180000 0.059109
190000 0.067344
200000 0.062531
210000 0.074983
220000 0.078826
230000 0.082073
240000 0.084123
250000 0.087882
260000 0.090541
270000 0.094577
280000 0.096864
290000 0.116098
300000 0.103643
310000 0.122326
320000 0.103366
330000 0.102539
340000 0.106345
350000 0.108400
360000 0.117214
370000 0.132485
380000 0.139206
390000 0.124910
400000 0.139952
410000 0.143980
420000 0.150047
430000 0.145050
440000 0.148609
450000 0.165635
460000 0.155192
470000 0.150026
480000 0.155506
490000 0.161989
500000 0.166766
510000 0.170691
520000 0.175231
530000 0.173053
540000 0.161729
550000 0.180380
560000 0.187141
570000 0.179448
580000 0.189734
590000 0.190774
600000 0.182020
610000 0.194384
620000 0.195496
630000 0.220911
640000 0.215409
650000 0.203522
660000 0.212144
670000 0.222437
680000 0.226586
690000 0.217787
700000 0.243209
710000 0.234451
720000 0.225308
730000 0.233742
740000 0.266609
750000 0.259343
760000 0.261205
770000 0.276833
780000 0.269146
790000 0.270809
800000 0.273447
810000 0.275629
820000 0.279566
830000 0.279486
840000 0.285530
850000 0.280525
860000 0.307901
870000 0.293918
880000 0.301900
890000 0.300776
900000 0.312172
910000 0.306058
920000 0.327904
930000 0.319017
940000 0.333501
950000 0.343761
960000 0.330885
970000 0.344676
980000 0.339361
990000 0.347131
1000000 0.354723
