10000 0.003648
20000 0.005736
30000 0.009968
40000 0.012838
50000 0.020665
60000 0.023004
70000 0.021640
80000 0.024033
90000 0.027051
100000 0.035885
110000 0.035328
120000 0.038144
130000 0.041878
140000 0.044555
150000 0.048024
160000 0.053728
170000 0.057441
180000 0.059442
190000 0.065463
200000 0.065417
210000 0.085562
220000 0.074158
230000 0.080981
240000 0.076002
250000 0.088944
260000 0.085760
270000 0.088207
280000 0.095952
290000 0.094162
300000 0.096095
310000 0.106175
320000 0.107004
330000 0.102793
340000 0.103300
350000 0.110671
360000 0.133927
370000 0.122557
380000 0.124701
390000 0.125620
400000 0.131392
410000 0.139938
420000 0.133923
430000 0.138845
440000 0.146763
450000 0.180568
460000 0.151999
470000 0.164361
480000 0.169461
490000 0.160797
500000 0.163030
510000 0.166681
520000 0.176104
530000 0.187349
540000 0.188460
550000 0.202488
560000 0.194610
570000 0.186392
580000 0.194570
590000 0.187797
600000 0.200095
610000 0.205035
620000 0.218356
630000 0.212412
640000 0.263119
650000 0.224993
660000 0.226724
670000 0.234304
680000 0.228566
690000 0.232351
700000 0.242976
710000 0.246167
720000 0.254235
730000 0.287049
740000 0.303251
750000 0.270564
760000 0.283261
770000 0.281162
780000 0.273805
790000 0.289916
800000 0.302385
810000 0.290227
820000 0.310555
830000 0.289558
840000 0.298735
850000 0.310682
860000 0.317985
870000 0.316368
880000 0.326087
890000 0.343945
900000 0.348916
910000 0.342024
920000 0.355163
930000 0.335282
940000 0.319056
950000 0.356438
960000 0.365023
970000 0.379313
980000 0.369681
990000 0.368692
1000000 0.376352
