10000 0.002951
20000 0.008049
30000 0.010856
40000 0.016369
50000 0.020798
60000 0.020279
70000 0.024194
80000 0.031943
90000 0.035095
100000 0.041936
110000 0.044575
120000 0.048289
130000 0.047029
140000 0.051523
150000 0.054800
160000 0.071390
170000 0.075534
180000 0.076309
190000 0.078919
200000 0.084916
210000 0.084061
220000 0.087960
230000 0.089409
240000 0.094762
250000 0.098396
260000 0.100070
270000 0.099283
280000 0.102291
290000 0.102924
300000 0.112158
310000 0.127617
320000 0.128108
330000 0.159502
340000 0.152393
350000 0.159789
360000 0.166216
370000 0.159872
380000 0.171283
390000 0.172742
400000 0.178298
410000 0.179508
420000 0.183024
430000 0.176316
440000 0.198250
450000 0.196173
460000 0.201080
470000 0.208024
480000 0.203971
490000 0.206707
500000 0.208267
510000 0.205683
520000 0.211386
530000 0.205858
540000 0.214532
550000 0.212887
560000 0.241835
570000 0.230096
580000 0.260730
590000 0.250892
600000 0.237761
610000 0.257803
620000 0.290363
630000 0.263693
640000 0.249035
650000 0.323959
660000 0.370624
670000 0.379249
680000 0.330952
690000 0.321488
700000 0.327269
710000 0.348985
720000 0.337426
730000 0.319606
740000 0.362730
750000 0.371730
760000 0.340633
770000 0.332845
780000 0.383381
790000 0.373585
800000 0.354279
810000 0.397804
820000 0.417501
830000 0.371703
840000 0.394008
850000 0.391887
860000 0.452980
870000 0.393024
880000 0.422300
890000 0.424912
900000 0.423939
910000 0.425209
920000 0.439950
930000 0.432665
940000 0.430376
950000 0.443717
960000 0.415631
970000 0.415331
980000 0.420030
990000 0.448055
1000000 0.451656
