10000 0.002357
20000 0.005562
30000 0.008965
40000 0.011897
50000 0.016331
60000 0.017757
70000 0.019613
80000 0.022402
90000 0.026152
100000 0.032249
110000 0.036878
120000 0.039220
130000 0.044376
140000 0.044649
150000 0.043735
160000 0.053015
170000 0.053977
180000 0.057264
190000 0.063981
200000 0.086333
210000 0.069519
220000 0.069103
230000 0.073429
240000 0.071823
250000 0.088121
260000 0.082508
270000 0.086445
280000 0.091305
290000 0.088397
300000 0.110599
310000 0.116403
320000 0.111850
330000 0.115383
340000 0.119306
350000 0.127975
360000 0.125634
370000 0.152170
380000 0.149047
390000 0.156541
400000 0.158755
410000 0.142345
420000 0.161199
430000 0.157209
440000 0.152849
450000 0.167439
460000 0.165724
470000 0.163263
480000 0.170481
490000 0.171346
500000 0.172417
510000 0.209196
520000 0.199930
530000 0.205908
540000 0.199602
550000 0.203833
560000 0.198985
570000 0.200469
580000 0.213675
590000 0.207824
600000 0.213875
610000 0.220514
620000 0.216616
630000 0.220606
640000 0.223646
650000 0.231612
660000 0.235038
670000 0.270103
680000 0.250958
690000 0.241984
700000 0.253564
710000 0.262749
720000 0.262507
730000 0.286206
740000 0.303314
750000 0.296843
760000 0.301904
770000 0.294342
780000 0.309977
790000 0.338845
800000 0.326468
810000 0.373426
820000 0.306512
830000 0.324809
840000 0.334031
850000 0.327609
860000 0.349135
870000 0.337876
880000 0.351777
890000 0.344424
900000 0.350788
910000 0.352588
920000 0.363435
930000 0.355737
940000 0.373852
950000 0.360220
960000 0.382333
970000 0.390198
980000 0.380340
990000 0.378256
1000000 0.382476
