10000 0.002259
20000 0.004965
30000 0.009257
40000 0.012121
50000 0.019469
60000 0.020314
70000 0.021065
80000 0.023329
90000 0.026337
100000 0.039163
110000 0.039653
120000 0.063226
130000 0.067579
140000 0.061677
150000 0.080378
160000 0.080535
170000 0.088033
180000 0.080188
190000 0.073878
200000 0.098764
210000 0.074923
220000 0.076614
230000 0.084114
240000 0.085195
250000 0.088820
260000 0.093718
270000 0.125686
280000 0.096071
290000 0.096925
300000 0.098543
310000 0.098386
320000 0.102252
330000 0.102891
340000 0.111620
350000 0.110501
360000 0.116440
370000 0.128091
380000 0.157663
390000 0.133603
400000 0.128746
410000 0.144798
420000 0.148535
430000 0.149393
440000 0.176481
450000 0.164250
460000 0.157971
470000 0.204397
480000 0.168110
490000 0.181103
500000 0.185592
510000 0.172859
520000 0.176902
530000 0.173202
540000 0.176381
550000 0.190735
560000 0.201642
570000 0.247672
580000 0.208234
590000 0.203333
600000 0.209894
610000 0.218395
620000 0.220143
630000 0.212501
640000 0.211948
650000 0.230430
660000 0.228735
670000 0.239919
680000 0.285456
690000 0.242272
700000 0.243232
710000 0.243757
720000 0.248306
730000 0.252029
740000 0.285200
750000 0.288145
760000 0.285065
770000 0.354740
780000 0.294084
790000 0.289590
800000 0.294267
810000 0.310240
820000 0.304358
830000 0.310276
840000 0.307566
850000 0.307873
860000 0.366784
870000 0.319932
880000 0.328854
890000 0.325322
900000 0.329444
910000 0.341843
920000 0.343829
930000 0.337441
940000 0.338767
950000 0.345125
960000 0.351586
970000 0.342286
980000 0.425451
990000 0.345451
1000000 0.362049
