1000 0.183000
2000 0.332000
3000 0.436000
4000 0.576000
5000 0.698000
6000 0.811000
7000 0.988000
8000 1.133000
9000 1.315000
10000 1.467000
11000 1.589000
12000 1.734000
13000 1.886000
14000 2.048000
15000 2.134000
16000 2.227000
17000 2.309000
18000 2.392000
19000 2.474000
20000 2.554000
21000 2.637000
22000 2.717000
23000 2.806000
24000 2.884000
25000 2.963000
26000 3.049000
27000 3.127000
28000 3.230000
29000 3.315000
30000 3.397000
31000 3.479000
32000 3.560000
33000 3.641000
34000 3.722000
35000 3.802000
36000 3.883000
37000 3.964000
38000 4.060000
39000 4.144000
40000 4.224000
41000 4.304000
42000 4.392000
43000 4.466000
44000 4.541000
45000 4.617000
46000 4.692000
47000 4.768000
48000 4.843000
49000 4.919000
50000 4.997000
51000 5.073000
52000 5.156000
53000 5.233000
54000 5.308000
55000 5.384000
56000 5.459000
57000 5.535000
58000 5.611000
59000 5.686000
60000 5.761000
61000 5.837000
62000 5.913000
63000 5.988000
64000 6.061000
65000 6.137000
66000 6.213000
67000 6.288000
68000 6.367000
69000 6.442000
70000 6.518000
71000 6.593000
72000 6.670000
73000 6.745000
74000 6.820000
75000 6.895000
76000 6.971000
77000 7.047000
78000 7.122000
79000 7.199000
80000 7.274000
81000 7.350000
82000 7.425000
83000 7.500000
84000 7.575000
85000 7.651000
86000 7.724000
87000 7.800000
88000 7.875000
89000 7.955000
90000 8.033000
91000 8.115000
92000 8.193000
93000 8.271000
94000 8.349000
95000 8.426000
96000 8.504000
97000 8.581000
98000 8.659000
99000 8.736000
100000 8.813000
101000 8.891000
102000 8.969000
103000 9.116000
104000 9.191000
105000 9.266000
106000 9.340000
107000 9.415000
108000 9.489000
109000 9.563000
110000 9.637000
111000 9.713000
112000 9.824000
113000 9.952000
114000 10.083000
115000 10.160000
116000 10.282000
117000 10.414000
118000 10.548000
119000 10.694000
120000 10.837000
121000 10.966000
122000 11.106000
123000 11.244000
124000 11.386000
125000 11.523000
126000 11.604000
127000 11.682000
128000 11.759000
129000 11.837000
130000 11.913000
131000 11.999000
132000 12.075000
133000 12.160000
134000 12.232000
135000 12.305000
136000 12.395000
137000 12.474000
138000 12.547000
139000 12.619000
140000 12.691000
141000 12.764000
142000 12.836000
143000 12.908000
144000 12.981000
145000 13.053000
146000 13.125000
147000 13.197000
148000 13.270000
149000 13.342000
150000 13.414000
151000 13.487000
152000 13.559000
153000 13.632000
154000 13.705000
155000 13.777000
156000 13.862000
157000 13.938000
158000 14.011000
159000 14.102000
160000 14.179000
161000 14.303000
162000 14.428000
163000 14.552000
164000 14.670000
165000 14.767000
166000 14.874000
167000 14.952000
168000 15.025000
169000 15.099000
170000 15.172000
171000 15.245000
172000 15.340000
173000 15.418000
174000 15.496000
175000 15.574000
176000 15.651000
177000 15.729000
178000 15.807000
179000 15.885000
180000 15.963000
181000 16.041000
182000 16.118000
183000 16.198000
184000 16.277000
185000 16.355000
186000 16.432000
187000 16.511000
188000 16.589000
189000 16.674000
190000 16.781000
191000 16.882000
192000 16.961000
193000 17.037000
194000 17.114000
195000 17.192000
196000 17.281000
197000 17.371000
198000 17.477000
199000 17.576000
200000 17.740000
201000 17.875000
202000 18.016000
203000 18.146000
204000 18.306000
205000 20.553000
206000 20.726000
207000 20.870000
208000 20.981000
209000 21.117000
210000 21.220000
211000 21.371000
212000 21.495000
213000 21.590000
214000 21.705000
215000 21.806000
216000 21.932000
217000 22.050000
218000 22.192000
219000 22.335000
220000 22.427000
221000 22.568000
222000 22.705000
223000 22.815000
224000 22.949000
225000 23.042000
226000 23.186000
227000 23.329000
228000 23.466000
229000 23.603000
230000 23.692000
231000 23.773000
232000 23.853000
233000 23.937000
234000 24.046000
235000 24.141000
236000 24.276000
237000 24.408000
238000 24.557000
239000 24.691000
240000 24.775000
241000 24.857000
242000 25.017000
243000 25.160000
244000 25.390000
245000 25.556000
246000 25.717000
247000 25.886000
248000 26.049000
249000 26.141000
250000 26.250000
251000 26.399000
252000 26.493000
253000 26.655000
254000 26.814000
255000 26.959000
256000 27.037000
257000 27.125000
258000 27.203000
259000 27.292000
260000 27.381000
261000 27.482000
262000 27.559000
263000 27.639000
264000 27.716000
265000 27.805000
266000 27.894000
267000 27.973000
268000 28.071000
269000 28.165000
270000 28.250000
271000 28.335000
272000 28.420000
273000 28.505000
274000 28.591000
275000 28.675000
276000 28.760000
277000 28.844000
278000 28.925000
279000 29.010000
280000 29.095000
281000 29.183000
282000 29.261000
283000 29.339000
284000 29.417000
285000 29.494000
286000 29.572000
287000 29.649000
288000 29.727000
289000 29.805000
290000 29.883000
291000 29.961000
292000 30.039000
293000 30.116000
294000 30.194000
295000 30.284000
296000 30.391000
297000 30.473000
298000 30.554000
299000 30.630000
300000 30.710000
301000 30.824000
302000 30.914000
303000 31.002000
304000 31.090000
305000 31.177000
306000 31.263000
307000 31.350000
308000 31.437000
309000 31.523000
310000 31.609000
311000 31.705000
312000 31.791000
313000 31.876000
314000 31.977000
315000 32.063000
316000 32.158000
317000 32.285000
318000 32.448000
319000 32.634000
320000 32.779000
321000 32.948000
322000 33.106000
323000 33.296000
324000 33.452000
325000 33.624000
326000 33.811000
327000 33.932000
328000 34.022000
329000 34.108000
330000 34.194000
331000 34.305000
332000 34.390000
333000 34.484000
334000 34.580000
335000 34.661000
336000 34.755000
337000 34.842000
338000 34.937000
339000 35.026000
340000 35.112000
341000 35.271000
342000 35.415000
343000 35.516000
344000 35.601000
345000 35.687000
346000 35.848000
347000 36.004000
348000 36.183000
349000 36.328000
350000 36.448000
351000 36.556000
352000 36.714000
353000 36.826000
354000 36.910000
355000 36.995000
356000 37.106000
357000 37.217000
358000 37.305000
359000 37.445000
360000 37.570000
361000 37.730000
362000 37.895000
363000 38.101000
364000 38.207000
365000 38.294000
366000 38.379000
367000 38.506000
368000 38.603000
369000 38.735000
370000 38.857000
371000 38.976000
372000 39.100000
373000 39.210000
374000 39.289000
375000 39.380000
376000 39.515000
377000 39.636000
378000 39.758000
379000 39.913000
380000 40.088000
381000 40.246000
382000 40.381000
383000 40.480000
384000 40.566000
385000 40.668000
386000 40.752000
387000 40.862000
388000 40.948000
389000 41.030000
390000 41.115000
391000 41.200000
392000 41.284000
393000 41.368000
394000 41.463000
395000 41.547000
396000 41.636000
397000 41.716000
398000 41.796000
399000 41.879000
400000 41.958000
401000 42.042000
402000 42.123000
403000 42.202000
404000 42.281000
405000 42.360000
406000 42.436000
407000 42.513000
408000 42.593000
409000 42.672000
410000 43.075000
411000 43.148000
412000 43.220000
413000 43.292000
414000 43.363000
415000 43.435000
416000 43.508000
417000 43.580000
418000 43.650000
419000 43.723000
420000 43.795000
421000 43.868000
422000 43.940000
423000 44.012000
424000 44.084000
425000 44.162000
426000 44.235000
427000 44.306000
428000 44.376000
429000 44.449000
430000 44.527000
431000 44.605000
432000 44.677000
433000 44.748000
434000 44.821000
435000 44.893000
436000 44.966000
437000 45.037000
438000 45.128000
439000 45.230000
440000 45.333000
441000 45.409000
442000 45.502000
443000 45.651000
444000 45.792000
445000 45.923000
446000 46.033000
447000 46.176000
448000 46.288000
449000 46.405000
450000 46.512000
451000 46.602000
452000 46.682000
453000 46.761000
454000 46.841000
455000 46.920000
456000 47.000000
457000 47.142000
458000 47.267000
459000 47.360000
460000 47.454000
461000 47.562000
462000 47.707000
463000 47.841000
464000 47.990000
465000 48.132000
466000 48.249000
467000 48.354000
468000 48.436000
469000 48.540000
470000 48.637000
471000 48.736000
472000 48.833000
473000 48.948000
474000 49.031000
475000 49.106000
476000 49.190000
477000 49.266000
478000 49.343000
479000 49.430000
480000 49.511000
481000 49.591000
482000 49.735000
483000 49.848000
484000 49.947000
485000 50.041000
486000 50.172000
487000 50.302000
488000 50.427000
489000 50.521000
490000 50.645000
491000 50.726000
492000 50.845000
493000 50.973000
494000 51.078000
495000 51.153000
496000 51.274000
497000 51.372000
498000 51.474000
499000 51.550000
500000 51.635000
501000 51.767000
502000 51.877000
503000 51.996000
504000 52.127000
505000 52.306000
506000 52.449000
507000 52.533000
508000 52.622000
509000 52.702000
510000 52.782000
511000 52.904000
512000 52.994000
513000 53.223000
514000 53.335000
515000 53.425000
516000 53.538000
517000 53.679000
518000 53.771000
519000 53.856000
520000 53.940000
521000 54.083000
522000 54.214000
523000 54.364000
524000 54.551000
525000 54.735000
526000 54.888000
527000 55.060000
528000 55.222000
529000 55.418000
530000 55.599000
531000 55.756000
532000 55.909000
533000 56.084000
534000 56.209000
535000 56.292000
536000 56.385000
537000 56.474000
538000 56.622000
539000 56.742000
540000 56.854000
541000 56.989000
542000 57.106000
543000 57.195000
544000 57.362000
545000 57.525000
546000 57.647000
547000 57.781000
548000 57.908000
549000 58.053000
550000 58.201000
551000 58.336000
552000 58.483000
553000 58.618000
554000 58.780000
555000 58.909000
556000 58.994000
557000 59.133000
558000 59.281000
559000 59.415000
560000 59.544000
561000 59.688000
562000 59.793000
563000 59.886000
564000 59.962000
565000 60.057000
566000 60.164000
567000 60.256000
568000 60.393000
569000 60.527000
570000 60.659000
571000 60.783000
572000 60.875000
573000 60.964000
574000 61.046000
575000 61.133000
576000 61.217000
577000 61.310000
578000 61.404000
579000 61.489000
580000 61.577000
581000 61.701000
582000 61.833000
583000 61.971000
584000 62.119000
585000 62.284000
586000 62.427000
587000 62.568000
588000 62.719000
589000 62.862000
590000 62.989000
591000 63.107000
592000 63.271000
593000 63.418000
594000 63.568000
595000 63.718000
596000 63.908000
597000 64.072000
598000 64.238000
599000 64.404000
600000 64.558000
601000 64.726000
602000 64.867000
603000 64.976000
604000 65.101000
605000 65.194000
606000 65.312000
607000 65.401000
608000 65.557000
609000 65.717000
610000 65.873000
611000 66.004000
612000 66.144000
613000 66.277000
614000 66.410000
615000 66.574000
616000 66.724000
617000 66.864000
618000 67.000000
619000 67.131000
620000 67.215000
621000 67.313000
622000 67.400000
623000 67.587000
624000 67.751000
625000 67.893000
626000 68.038000
627000 68.194000
628000 68.374000
629000 68.533000
630000 68.693000
631000 68.873000
632000 69.057000
633000 69.247000
634000 69.404000
635000 69.567000
636000 69.753000
637000 69.905000
638000 70.077000
639000 70.312000
640000 70.474000
641000 70.681000
642000 70.844000
643000 70.995000
644000 71.158000
645000 71.286000
646000 71.441000
647000 71.616000
648000 71.767000
649000 71.909000
650000 72.048000
651000 72.174000
652000 72.327000
653000 72.480000
654000 72.656000
655000 72.802000
656000 72.944000
657000 73.070000
658000 73.190000
659000 73.331000
660000 73.487000
661000 73.638000
662000 73.769000
663000 73.911000
664000 74.014000
665000 74.132000
666000 74.252000
667000 74.386000
668000 74.539000
669000 74.669000
670000 74.798000
671000 74.952000
672000 75.053000
673000 75.146000
674000 75.231000
675000 75.323000
676000 75.474000
677000 75.620000
678000 75.771000
679000 75.903000
680000 76.064000
681000 76.234000
682000 76.368000
683000 76.510000
684000 76.658000
685000 76.829000
686000 76.986000
687000 77.091000
688000 77.177000
689000 77.293000
690000 77.434000
691000 77.587000
692000 77.737000
693000 77.886000
694000 78.049000
695000 78.209000
696000 78.360000
697000 78.522000
698000 78.706000
699000 78.853000
700000 79.017000
701000 79.167000
702000 79.317000
703000 79.472000
704000 79.611000
705000 79.724000
706000 79.898000
707000 80.043000
708000 80.205000
709000 80.340000
710000 80.428000
711000 80.513000
712000 80.643000
713000 80.779000
714000 80.947000
715000 81.112000
716000 81.237000
717000 81.361000
718000 81.445000
719000 81.523000
720000 81.608000
721000 81.772000
722000 81.914000
723000 82.063000
724000 82.178000
725000 82.285000
726000 82.401000
727000 82.486000
728000 82.591000
729000 82.671000
730000 82.759000
731000 82.844000
732000 82.924000
733000 83.007000
734000 83.121000
735000 83.300000
736000 83.450000
737000 83.714000
738000 83.917000
739000 84.057000
740000 84.166000
741000 84.262000
742000 84.430000
743000 84.588000
744000 84.730000
745000 84.886000
746000 85.014000
747000 85.094000
748000 85.209000
749000 85.340000
750000 85.420000
751000 85.523000
752000 85.664000
753000 85.798000
754000 85.940000
755000 86.084000
756000 86.168000
757000 86.302000
758000 86.435000
759000 86.597000
760000 86.744000
761000 86.873000
762000 87.024000
763000 87.138000
764000 87.291000
765000 87.424000
766000 87.576000
767000 87.706000
768000 87.786000
769000 87.884000
770000 88.047000
771000 88.200000
772000 88.323000
773000 88.455000
774000 88.593000
775000 88.730000
776000 88.905000
777000 89.077000
778000 89.190000
779000 89.352000
780000 89.496000
781000 89.646000
782000 89.814000
783000 89.994000
784000 90.163000
785000 90.263000
786000 90.347000
787000 90.478000
788000 90.564000
789000 90.715000
790000 90.814000
791000 90.986000
792000 91.145000
793000 91.297000
794000 91.454000
795000 91.642000
796000 91.811000
797000 91.959000
798000 92.135000
799000 92.352000
800000 92.527000
801000 92.700000
802000 92.850000
803000 93.049000
804000 93.226000
805000 93.375000
806000 93.516000
807000 93.662000
808000 93.810000
809000 93.950000
810000 94.033000
811000 94.139000
812000 94.286000
813000 94.445000
814000 94.587000
815000 94.718000
816000 94.860000
817000 95.028000
818000 95.169000
819000 95.298000
820000 95.461000
821000 95.618000
822000 95.816000
823000 95.942000
824000 96.096000
825000 96.241000
826000 96.394000
827000 96.555000
828000 96.715000
829000 96.865000
830000 97.020000
831000 97.190000
832000 97.351000
833000 97.496000
834000 97.653000
835000 97.859000
836000 98.046000
837000 98.209000
838000 98.416000
839000 98.592000
840000 98.742000
841000 98.904000
842000 99.066000
843000 99.206000
844000 99.337000
845000 99.473000
846000 99.606000
847000 99.776000
848000 99.946000
849000 100.099000
850000 100.258000
851000 100.399000
852000 100.552000
853000 100.728000
854000 100.903000
855000 101.083000
856000 101.287000
857000 101.426000
858000 101.566000
859000 101.741000
860000 101.873000
861000 102.165000
862000 102.329000
863000 102.465000
864000 102.631000
865000 102.775000
866000 102.918000
867000 103.067000
868000 103.321000
869000 103.475000
870000 103.573000
871000 103.674000
872000 103.775000
873000 103.938000
874000 104.053000
875000 104.203000
876000 104.336000
877000 104.443000
878000 104.614000
879000 104.796000
880000 104.967000
881000 105.127000
882000 105.289000
883000 105.478000
884000 105.623000
885000 105.774000
886000 105.999000
887000 106.147000
888000 106.345000
889000 106.490000
890000 106.636000
891000 106.776000
892000 106.911000
893000 107.104000
894000 107.272000
895000 107.421000
896000 107.569000
897000 107.684000
898000 107.812000
899000 107.957000
900000 108.076000
901000 108.227000
902000 108.380000
903000 108.542000
904000 108.705000
905000 108.832000
906000 108.964000
907000 109.111000
908000 109.266000
909000 109.433000
910000 109.594000
911000 109.746000
912000 109.886000
913000 110.037000
914000 110.154000
915000 110.274000
916000 110.415000
917000 110.563000
918000 110.675000
919000 110.807000
920000 110.924000
921000 111.042000
922000 111.171000
923000 111.320000
924000 111.465000
925000 111.602000
926000 111.741000
927000 111.882000
928000 112.026000
929000 112.150000
930000 112.259000
931000 112.371000
932000 112.453000
933000 112.545000
934000 112.622000
935000 112.740000
936000 112.887000
937000 113.024000
938000 113.202000
939000 113.347000
940000 113.479000
941000 113.619000
942000 113.764000
943000 113.938000
944000 114.098000
945000 114.280000
946000 114.386000
947000 114.490000
948000 114.670000
949000 114.834000
950000 115.009000
951000 115.179000
952000 115.338000
953000 115.493000
954000 115.645000
955000 115.831000
956000 115.974000
957000 116.079000
958000 116.237000
959000 116.334000
960000 116.434000
961000 116.545000
962000 116.675000
963000 116.809000
964000 116.977000
965000 117.143000
966000 117.259000
967000 117.453000
968000 117.603000
969000 117.712000
970000 117.820000
971000 118.010000
972000 118.160000
973000 118.307000
974000 118.491000
975000 118.632000
976000 118.807000
977000 118.922000
978000 119.016000
979000 119.167000
980000 119.310000
981000 119.398000
982000 119.534000
983000 119.671000
984000 119.821000
985000 119.935000
986000 120.084000
987000 120.234000
988000 120.318000
989000 120.401000
990000 120.550000
991000 120.731000
992000 120.870000
993000 121.033000
994000 121.118000
995000 121.199000
996000 121.281000
997000 121.363000
998000 121.539000
999000 121.706000
1000000 121.858000
