1000 0.139000
2000 0.297000
3000 0.433000
4000 0.569000
5000 0.703000
6000 0.850000
7000 0.974000
8000 1.099000
9000 1.221000
10000 1.344000
11000 1.467000
12000 1.590000
13000 1.712000
14000 1.835000
15000 1.958000
16000 2.080000
17000 2.204000
18000 2.346000
19000 2.466000
20000 2.585000
21000 2.705000
22000 2.826000
23000 2.945000
24000 3.064000
25000 3.180000
26000 3.310000
27000 3.445000
28000 3.591000
29000 3.732000
30000 3.877000
31000 4.004000
32000 4.177000
33000 4.358000
34000 4.530000
35000 4.681000
36000 4.816000
37000 4.966000
38000 5.100000
39000 5.244000
40000 5.374000
41000 5.500000
42000 5.627000
43000 5.753000
44000 5.888000
45000 6.016000
46000 6.142000
47000 6.268000
48000 6.396000
49000 6.522000
50000 6.649000
51000 6.777000
52000 6.917000
53000 7.045000
54000 7.172000
55000 7.299000
56000 7.426000
57000 7.552000
58000 7.686000
59000 7.801000
60000 7.917000
61000 8.052000
62000 8.165000
63000 8.280000
64000 8.393000
65000 8.506000
66000 8.662000
67000 8.793000
68000 8.923000
69000 9.050000
70000 9.177000
71000 9.304000
72000 9.431000
73000 9.557000
74000 9.684000
75000 9.812000
76000 9.953000
77000 10.092000
78000 10.218000
79000 10.352000
80000 10.473000
81000 10.633000
82000 10.765000
83000 10.882000
84000 10.999000
85000 11.115000
86000 11.231000
87000 11.375000
88000 11.521000
89000 11.643000
90000 11.827000
91000 12.077000
92000 12.318000
93000 12.502000
94000 12.633000
95000 12.786000
96000 13.018000
97000 13.205000
98000 13.334000
99000 13.460000
100000 13.587000
101000 13.725000
102000 13.860000
103000 13.986000
104000 14.116000
105000 14.245000
106000 14.370000
107000 14.495000
108000 14.620000
109000 14.744000
110000 14.869000
111000 14.992000
112000 15.116000
113000 15.244000
114000 15.369000
115000 15.495000
116000 15.619000
117000 15.744000
118000 15.867000
119000 15.992000
120000 16.115000
121000 16.237000
122000 16.356000
123000 16.474000
124000 16.592000
125000 16.711000
126000 16.829000
127000 16.946000
128000 17.065000
129000 17.186000
130000 17.307000
131000 17.427000
132000 17.548000
133000 17.675000
134000 17.796000
135000 17.917000
136000 18.038000
137000 18.159000
138000 18.279000
139000 18.400000
140000 18.521000
141000 18.641000
142000 18.762000
143000 18.882000
144000 19.010000
145000 19.132000
146000 19.266000
147000 19.389000
148000 19.511000
149000 19.700000
150000 19.872000
151000 20.023000
152000 20.198000
153000 20.341000
154000 20.489000
155000 20.636000
156000 20.775000
157000 20.919000
158000 21.055000
159000 21.191000
160000 21.335000
161000 21.463000
162000 21.611000
163000 21.735000
164000 21.856000
165000 21.976000
166000 22.096000
167000 22.232000
168000 22.359000
169000 22.493000
170000 22.645000
171000 22.771000
172000 22.924000
173000 23.054000
174000 23.182000
175000 23.330000
176000 23.469000
177000 23.638000
178000 23.799000
179000 23.955000
180000 24.083000
181000 24.282000
182000 24.453000
183000 24.649000
184000 24.825000
185000 24.953000
186000 25.079000
187000 25.204000
188000 25.344000
189000 25.478000
190000 25.597000
191000 25.716000
192000 25.834000
193000 25.960000
194000 26.081000
195000 26.199000
196000 26.319000
197000 26.437000
198000 26.556000
199000 26.674000
200000 26.809000
201000 26.928000
202000 27.061000
203000 27.199000
204000 27.392000
205000 27.606000
206000 27.804000
207000 27.939000
208000 28.082000
209000 28.230000
210000 28.362000
211000 28.489000
212000 28.616000
213000 28.744000
214000 28.871000
215000 28.996000
216000 29.127000
217000 29.255000
218000 29.373000
219000 29.492000
220000 29.610000
221000 29.738000
222000 29.862000
223000 29.982000
224000 30.105000
225000 30.228000
226000 30.354000
227000 30.479000
228000 30.601000
229000 30.722000
230000 30.851000
231000 30.973000
232000 31.092000
233000 31.218000
234000 31.356000
235000 31.484000
236000 31.611000
237000 31.743000
238000 31.869000
239000 31.993000
240000 32.120000
241000 32.246000
242000 32.372000
243000 32.504000
244000 32.621000
245000 32.740000
246000 32.859000
247000 32.979000
248000 33.112000
249000 33.230000
250000 33.347000
251000 33.466000
252000 33.585000
253000 33.758000
254000 33.880000
255000 34.001000
256000 34.124000
257000 34.247000
258000 34.369000
259000 34.491000
260000 34.618000
261000 34.757000
262000 34.882000
263000 35.021000
264000 35.145000
265000 35.265000
266000 35.471000
267000 35.657000
268000 35.810000
269000 35.957000
270000 36.117000
271000 36.247000
272000 36.395000
273000 36.523000
274000 36.653000
275000 36.779000
276000 36.905000
277000 37.032000
278000 37.162000
279000 37.281000
280000 37.402000
281000 37.521000
282000 37.645000
283000 37.762000
284000 37.880000
285000 37.998000
286000 38.115000
287000 38.233000
288000 38.353000
289000 38.511000
290000 38.640000
291000 38.765000
292000 38.889000
293000 39.014000
294000 39.138000
295000 39.268000
296000 39.420000
297000 39.562000
298000 39.703000
299000 39.833000
300000 40.007000
301000 40.211000
302000 40.378000
303000 40.597000
304000 40.740000
305000 40.870000
306000 40.999000
307000 41.163000
308000 41.298000
309000 41.422000
310000 41.541000
311000 41.661000
312000 41.782000
313000 41.902000
314000 42.021000
315000 42.152000
316000 42.276000
317000 42.402000
318000 42.562000
319000 42.768000
320000 42.909000
321000 43.115000
322000 43.345000
323000 43.560000
324000 43.782000
325000 43.926000
326000 44.120000
327000 44.283000
328000 44.427000
329000 44.562000
330000 44.708000
331000 44.835000
332000 44.968000
333000 45.092000
334000 45.226000
335000 45.345000
336000 45.462000
337000 45.579000
338000 45.699000
339000 45.817000
340000 45.935000
341000 46.053000
342000 46.171000
343000 46.287000
344000 46.405000
345000 46.522000
346000 46.643000
347000 46.761000
348000 46.878000
349000 47.000000
350000 47.118000
351000 47.236000
352000 47.353000
353000 47.470000
354000 47.589000
355000 47.710000
356000 47.832000
357000 47.952000
358000 48.073000
359000 48.193000
360000 48.314000
361000 48.444000
362000 48.568000
363000 48.686000
364000 48.804000
365000 48.927000
366000 49.045000
367000 49.163000
368000 49.282000
369000 49.398000
370000 49.517000
371000 49.636000
372000 49.756000
373000 49.874000
374000 49.992000
375000 50.110000
376000 50.228000
377000 50.358000
378000 50.491000
379000 50.612000
380000 50.755000
381000 50.969000
382000 51.120000
383000 51.271000
384000 51.413000
385000 51.542000
386000 51.674000
387000 51.802000
388000 51.928000
389000 52.054000
390000 52.179000
391000 52.306000
392000 52.438000
393000 52.603000
394000 52.723000
395000 52.863000
396000 52.980000
397000 53.095000
398000 53.212000
399000 53.333000
400000 53.449000
401000 53.566000
402000 53.686000
403000 53.820000
404000 53.959000
405000 54.102000
406000 54.240000
407000 54.369000
408000 54.495000
409000 54.622000
410000 54.756000
411000 54.883000
412000 55.030000
413000 55.185000
414000 55.312000
415000 55.471000
416000 55.631000
417000 55.759000
418000 55.889000
419000 56.023000
420000 56.231000
421000 56.435000
422000 56.650000
423000 56.826000
424000 56.984000
425000 57.255000
426000 57.500000
427000 57.695000
428000 57.896000
429000 58.066000
430000 58.296000
431000 58.555000
432000 58.785000
433000 59.013000
434000 59.227000
435000 59.358000
436000 59.489000
437000 59.627000
438000 59.755000
439000 59.892000
440000 60.011000
441000 60.131000
442000 60.258000
443000 60.378000
444000 60.499000
445000 60.621000
446000 60.755000
447000 60.881000
448000 61.003000
449000 61.158000
450000 61.305000
451000 61.434000
452000 61.556000
453000 61.679000
454000 61.802000
455000 61.935000
456000 62.057000
457000 62.191000
458000 62.315000
459000 62.438000
460000 62.566000
461000 62.692000
462000 62.814000
463000 62.936000
464000 63.057000
465000 63.178000
466000 63.299000
467000 63.424000
468000 63.548000
469000 63.671000
470000 63.793000
471000 63.913000
472000 64.035000
473000 64.157000
474000 64.279000
475000 64.401000
476000 64.551000
477000 64.732000
478000 64.876000
479000 65.005000
480000 65.132000
481000 65.259000
482000 65.400000
483000 65.558000
484000 65.772000
485000 66.003000
486000 66.242000
487000 66.459000
488000 66.662000
489000 66.857000
490000 67.066000
491000 67.217000
492000 67.371000
493000 67.525000
494000 67.705000
495000 67.858000
496000 67.984000
497000 68.115000
498000 68.256000
499000 68.400000
500000 68.517000
501000 68.633000
502000 68.749000
503000 68.866000
504000 68.988000
505000 69.140000
506000 69.270000
507000 69.420000
508000 69.554000
509000 69.681000
510000 69.806000
511000 69.939000
512000 70.067000
513000 70.193000
514000 70.356000
515000 70.567000
516000 70.701000
517000 70.834000
518000 70.967000
519000 71.109000
520000 71.242000
521000 71.369000
522000 71.499000
523000 71.626000
524000 71.767000
525000 71.891000
526000 72.016000
527000 72.136000
528000 72.256000
529000 72.374000
530000 72.495000
531000 72.616000
532000 72.735000
533000 72.860000
534000 72.985000
535000 73.116000
536000 73.263000
537000 73.403000
538000 73.569000
539000 73.808000
540000 73.993000
541000 74.162000
542000 74.355000
543000 74.541000
544000 74.686000
545000 74.834000
546000 74.975000
547000 75.112000
548000 75.248000
549000 75.382000
550000 75.504000
551000 75.626000
552000 75.771000
553000 75.916000
554000 76.047000
555000 76.177000
556000 76.308000
557000 76.437000
558000 76.566000
559000 76.697000
560000 76.830000
561000 76.959000
562000 77.094000
563000 77.215000
564000 77.337000
565000 77.458000
566000 77.578000
567000 77.713000
568000 77.834000
569000 77.953000
570000 78.072000
571000 78.190000
572000 78.309000
573000 78.426000
574000 78.545000
575000 78.664000
576000 78.784000
577000 78.903000
578000 79.022000
579000 79.139000
580000 79.273000
581000 79.391000
582000 79.510000
583000 79.633000
584000 79.752000
585000 79.874000
586000 79.997000
587000 80.119000
588000 80.241000
589000 80.362000
590000 80.483000
591000 80.606000
592000 80.732000
593000 80.852000
594000 80.972000
595000 81.103000
596000 81.223000
597000 81.350000
598000 81.541000
599000 81.691000
600000 81.877000
601000 82.007000
602000 82.137000
603000 82.312000
604000 82.454000
605000 82.583000
606000 82.715000
607000 82.844000
608000 82.969000
609000 83.104000
610000 83.229000
611000 83.358000
612000 83.476000
613000 83.596000
614000 83.715000
615000 83.836000
616000 83.956000
617000 84.079000
618000 84.217000
619000 84.340000
620000 84.459000
621000 84.582000
622000 84.714000
623000 84.837000
624000 84.968000
625000 85.090000
626000 85.212000
627000 85.335000
628000 85.457000
629000 85.579000
630000 85.701000
631000 85.829000
632000 85.948000
633000 86.067000
634000 86.186000
635000 86.305000
636000 86.422000
637000 86.542000
638000 86.666000
639000 86.800000
640000 86.925000
641000 87.052000
642000 87.178000
643000 87.332000
644000 87.570000
645000 87.731000
646000 87.872000
647000 88.004000
648000 88.132000
649000 88.290000
650000 88.446000
651000 88.628000
652000 88.773000
653000 88.954000
654000 89.111000
655000 89.283000
656000 89.409000
657000 89.533000
658000 89.671000
659000 89.822000
660000 90.052000
661000 90.186000
662000 90.312000
663000 90.439000
664000 90.569000
665000 90.736000
666000 90.890000
667000 91.048000
668000 91.172000
669000 91.295000
670000 91.416000
671000 91.536000
672000 91.659000
673000 91.779000
674000 91.912000
675000 92.043000
676000 92.174000
677000 92.308000
678000 92.450000
679000 92.584000
680000 92.743000
681000 92.931000
682000 93.162000
683000 93.378000
684000 93.616000
685000 93.846000
686000 94.053000
687000 94.301000
688000 94.538000
689000 94.774000
690000 94.978000
691000 95.126000
692000 95.257000
693000 95.396000
694000 95.531000
695000 95.735000
696000 95.878000
697000 96.010000
698000 96.133000
699000 96.280000
700000 96.439000
701000 96.605000
702000 96.773000
703000 96.976000
704000 97.175000
705000 97.368000
706000 97.524000
707000 97.694000
708000 97.877000
709000 98.041000
710000 98.170000
711000 98.299000
712000 98.446000
713000 98.580000
714000 98.745000
715000 98.881000
716000 99.008000
717000 99.158000
718000 99.286000
719000 99.411000
720000 99.544000
721000 99.677000
722000 99.799000
723000 99.918000
724000 100.041000
725000 100.159000
726000 100.287000
727000 100.416000
728000 100.542000
729000 100.658000
730000 100.773000
731000 100.891000
732000 101.007000
733000 101.125000
734000 101.242000
735000 101.395000
736000 101.517000
737000 101.652000
738000 101.780000
739000 101.899000
740000 102.018000
741000 102.135000
742000 102.254000
743000 102.372000
744000 102.491000
745000 102.611000
746000 102.763000
747000 102.901000
748000 103.027000
749000 103.157000
750000 103.284000
751000 103.438000
752000 103.582000
753000 103.721000
754000 103.851000
755000 103.983000
756000 104.113000
757000 104.306000
758000 104.519000
759000 104.694000
760000 104.910000
761000 105.138000
762000 105.298000
763000 105.480000
764000 105.637000
765000 105.827000
766000 105.957000
767000 106.084000
768000 106.210000
769000 106.338000
770000 106.465000
771000 106.593000
772000 106.720000
773000 106.872000
774000 106.989000
775000 107.106000
776000 107.227000
777000 107.343000
778000 107.460000
779000 107.589000
780000 107.718000
781000 107.835000
782000 107.952000
783000 108.068000
784000 108.184000
785000 108.300000
786000 108.416000
787000 108.532000
788000 108.649000
789000 108.765000
790000 108.894000
791000 109.021000
792000 109.137000
793000 109.289000
794000 109.416000
795000 109.530000
796000 109.650000
797000 109.797000
798000 109.929000
799000 110.062000
800000 110.191000
801000 110.321000
802000 110.450000
803000 110.597000
804000 110.734000
805000 110.862000
806000 110.991000
807000 111.129000
808000 111.284000
809000 111.418000
810000 111.536000
811000 111.650000
812000 111.769000
813000 111.885000
814000 112.030000
815000 112.180000
816000 112.322000
817000 112.519000
818000 112.714000
819000 112.952000
820000 113.115000
821000 113.252000
822000 113.456000
823000 113.621000
824000 113.759000
825000 113.887000
826000 114.012000
827000 114.138000
828000 114.273000
829000 114.389000
830000 114.506000
831000 114.633000
832000 114.777000
833000 114.911000
834000 115.028000
835000 115.144000
836000 115.260000
837000 115.376000
838000 115.493000
839000 115.611000
840000 115.727000
841000 115.843000
842000 115.971000
843000 116.100000
844000 116.220000
845000 116.342000
846000 116.463000
847000 116.582000
848000 116.703000
849000 116.832000
850000 116.959000
851000 117.079000
852000 117.218000
853000 117.345000
854000 117.464000
855000 117.580000
856000 117.696000
857000 117.835000
858000 117.950000
859000 118.066000
860000 118.185000
861000 118.300000
862000 118.477000
863000 118.605000
864000 118.727000
865000 118.847000
866000 118.967000
867000 119.088000
868000 119.207000
869000 119.337000
870000 119.481000
871000 119.602000
872000 119.744000
873000 119.898000
874000 120.056000
875000 120.228000
876000 120.428000
877000 120.645000
878000 120.803000
879000 120.996000
880000 121.181000
881000 121.337000
882000 121.475000
883000 121.602000
884000 121.734000
885000 121.861000
886000 121.995000
887000 122.143000
888000 122.268000
889000 122.393000
890000 122.514000
891000 122.635000
892000 122.767000
893000 122.900000
894000 123.022000
895000 123.146000
896000 123.268000
897000 123.392000
898000 123.521000
899000 123.645000
900000 123.767000
901000 123.890000
902000 124.023000
903000 124.146000
904000 124.290000
905000 124.414000
906000 124.535000
907000 124.654000
908000 124.779000
909000 124.898000
910000 125.020000
911000 125.143000
912000 125.266000
913000 125.388000
914000 125.510000
915000 125.634000
916000 125.756000
917000 125.887000
918000 126.008000
919000 126.128000
920000 126.249000
921000 126.369000
922000 126.491000
923000 126.612000
924000 126.760000
925000 126.882000
926000 127.002000
927000 127.123000
928000 127.243000
929000 127.364000
930000 127.482000
931000 127.625000
932000 127.775000
933000 127.923000
934000 128.116000
935000 128.359000
936000 128.511000
937000 128.703000
938000 128.911000
939000 129.114000
940000 129.326000
941000 129.459000
942000 129.598000
943000 129.759000
944000 129.939000
945000 130.118000
946000 130.247000
947000 130.370000
948000 130.507000
949000 130.649000
950000 130.782000
951000 130.919000
952000 131.082000
953000 131.296000
954000 131.429000
955000 131.556000
956000 131.684000
957000 131.822000
958000 131.947000
959000 132.074000
960000 132.221000
961000 132.364000
962000 132.545000
963000 132.676000
964000 132.806000
965000 132.935000
966000 133.065000
967000 133.193000
968000 133.323000
969000 133.460000
970000 133.585000
971000 133.699000
972000 133.817000
973000 133.934000
974000 134.050000
975000 134.167000
976000 134.295000
977000 134.417000
978000 134.536000
979000 134.697000
980000 134.814000
981000 134.930000
982000 135.045000
983000 135.208000
984000 135.415000
985000 135.592000
986000 135.806000
987000 136.003000
988000 136.137000
989000 136.275000
990000 136.427000
991000 136.645000
992000 136.834000
993000 136.977000
994000 137.153000
995000 137.380000
996000 137.587000
997000 137.722000
998000 137.853000
999000 137.982000
1000000 138.112000
