1 0.000002
2 0.000002
3 0.000001
4 0.000002
5 0.000001
6 0.000002
7 0.000002
8 0.000001
9 0.000001
10 0.000002
11 0.000001
12 0.000002
13 0.000002
14 0.000002
15 0.000002
16 0.000002
17 0.000001
18 0.000002
19 0.000002
20 0.000002
21 0.000002
22 0.000003
23 0.000002
24 0.000003
25 0.000002
26 0.000002
27 0.000003
28 0.000003
29 0.000003
30 0.000003
31 0.000003
32 0.000003
33 0.000003
34 0.000003
35 0.000003
36 0.000002
37 0.000003
38 0.000003
39 0.000004
40 0.000003
41 0.000003
42 0.000003
43 0.000003
44 0.000004
45 0.000004
46 0.000004
47 0.000004
48 0.000005
49 0.000005
50 0.000005
51 0.000005
52 0.000005
53 0.000005
54 0.000007
55 0.000005
56 0.000005
57 0.000005
58 0.000004
59 0.000005
60 0.000006
61 0.000006
62 0.000005
63 0.000006
64 0.000006
65 0.000005
66 0.000006
67 0.000007
68 0.000007
69 0.000006
70 0.000006
71 0.000006
72 0.000006
73 0.000006
74 0.000007
75 0.000007
76 0.000007
77 0.000006
78 0.000006
79 0.000006
80 0.000007
81 0.000007
82 0.000007
83 0.000006
84 0.000007
85 0.000006
86 0.000007
87 0.000007
88 0.000007
89 0.000007
90 0.000007
91 0.000007
92 0.000007
93 0.000008
94 0.000007
95 0.000010
96 0.000010
97 0.000008
98 0.000008
99 0.000008
100 0.000008
101 0.000009
102 0.000010
103 0.000009
104 0.000009
105 0.000009
106 0.000010
107 0.000009
108 0.000010
109 0.000009
110 0.000009
111 0.000011
112 0.000010
113 0.000010
114 0.000010
115 0.000010
116 0.000009
117 0.000010
118 0.000009
119 0.000010
120 0.000014
121 0.000010
122 0.000010
123 0.000011
124 0.000010
125 0.000011
126 0.000012
127 0.000011
128 0.000011
129 0.000013
130 0.000011
131 0.000013
132 0.000012
133 0.000011
134 0.000011
135 0.000012
136 0.000014
137 0.000013
138 0.000013
139 0.000012
140 0.000014
141 0.000013
142 0.000012
143 0.000013
144 0.000014
145 0.000014
146 0.000013
147 0.000012
148 0.000015
149 0.000013
150 0.000013
