1 0.000002
2 0.000001
3 0.000001
4 0.000001
5 0.000002
6 0.000001
7 0.000001
8 0.000002
9 0.000002
10 0.000002
11 0.000002
12 0.000002
13 0.000001
14 0.000002
15 0.000002
16 0.000001
17 0.000002
18 0.000002
19 0.000002
20 0.000002
21 0.000002
22 0.000002
23 0.000002
24 0.000003
25 0.000003
26 0.000002
27 0.000002
28 0.000003
29 0.000003
30 0.000003
31 0.000003
32 0.000003
33 0.000003
34 0.000003
35 0.000003
36 0.000003
37 0.000003
38 0.000004
39 0.000003
40 0.000003
41 0.000003
42 0.000004
43 0.000004
44 0.000004
45 0.000004
46 0.000004
47 0.000004
48 0.000004
49 0.000004
50 0.000004
51 0.000004
52 0.000005
53 0.000004
54 0.000004
55 0.000004
56 0.000005
57 0.000005
58 0.000005
59 0.000005
60 0.000005
61 0.000006
62 0.000005
63 0.000006
64 0.000005
65 0.000006
66 0.000006
67 0.000006
68 0.000006
69 0.000006
70 0.000006
71 0.000006
72 0.000006
73 0.000006
74 0.000007
75 0.000006
76 0.000006
77 0.000006
78 0.000006
79 0.000006
80 0.000007
81 0.000009
82 0.000007
83 0.000007
84 0.000007
85 0.000007
86 0.000009
87 0.000007
88 0.000008
89 0.000010
90 0.000009
91 0.000008
92 0.000008
93 0.000009
94 0.000009
95 0.000009
96 0.000010
97 0.000009
98 0.000009
99 0.000008
100 0.000009
101 0.000009
102 0.000011
103 0.000009
104 0.000010
105 0.000009
106 0.000010
107 0.000009
108 0.000010
109 0.000010
110 0.000010
111 0.000010
112 0.000010
113 0.000013
114 0.000011
115 0.000012
116 0.000012
117 0.000011
118 0.000011
119 0.000012
120 0.000011
121 0.000011
122 0.000011
123 0.000011
124 0.000013
125 0.000012
126 0.000011
127 0.000012
128 0.000012
129 0.000012
130 0.000012
131 0.000013
132 0.000012
133 0.000012
134 0.000012
135 0.000014
136 0.000014
137 0.000013
138 0.000014
139 0.000014
140 0.000012
141 0.000014
142 0.000013
143 0.000017
144 0.000013
145 0.000014
146 0.000014
147 0.000014
148 0.000014
149 0.000014
150 0.000014
