1 0.000002
2 0.000001
3 0.000002
4 0.000002
5 0.000002
6 0.000002
7 0.000001
8 0.000002
9 0.000002
10 0.000002
11 0.000002
12 0.000003
13 0.000002
14 0.000004
15 0.000002
16 0.000002
17 0.000003
18 0.000003
19 0.000003
20 0.000002
21 0.000002
22 0.000002
23 0.000005
24 0.000003
25 0.000002
26 0.000003
27 0.000003
28 0.000004
29 0.000004
30 0.000003
31 0.000003
32 0.000004
33 0.000004
34 0.000004
35 0.000004
36 0.000004
37 0.000004
38 0.000004
39 0.000004
40 0.000004
41 0.000004
42 0.000004
43 0.000004
44 0.000005
45 0.000005
46 0.000004
47 0.000004
48 0.000005
49 0.000007
50 0.000005
51 0.000005
52 0.000005
53 0.000005
54 0.000005
55 0.000005
56 0.000008
57 0.000006
58 0.000006
59 0.000006
60 0.000007
61 0.000006
62 0.000010
63 0.000006
64 0.000007
65 0.000007
66 0.000006
67 0.000006
68 0.000006
69 0.000006
70 0.000005
71 0.000008
72 0.000005
73 0.000006
74 0.000007
75 0.000007
76 0.000009
77 0.000008
78 0.000008
79 0.000011
80 0.000008
81 0.000008
82 0.000009
83 0.000008
84 0.000007
85 0.000008
86 0.000008
87 0.000009
88 0.000009
89 0.000009
90 0.000009
91 0.000009
92 0.000009
93 0.000009
94 0.000010
95 0.000013
96 0.000009
97 0.000009
98 0.000010
99 0.000009
100 0.000010
101 0.000012
102 0.000010
103 0.000010
104 0.000010
105 0.000010
106 0.000011
107 0.000012
108 0.000010
109 0.000011
110 0.000010
111 0.000011
112 0.000011
113 0.000012
114 0.000011
115 0.000010
116 0.000013
117 0.000012
118 0.000013
119 0.000011
120 0.000012
121 0.000017
122 0.000013
123 0.000014
124 0.000014
125 0.000012
126 0.000013
127 0.000015
128 0.000012
129 0.000013
130 0.000013
131 0.000013
132 0.000015
133 0.000016
134 0.000013
135 0.000014
136 0.000014
137 0.000017
138 0.000014
139 0.000014
140 0.000017
141 0.000015
142 0.000016
143 0.000021
144 0.000017
145 0.000015
146 0.000015
147 0.000016
148 0.000016
149 0.000015
150 0.000016
