1 0.000001
2 0.000002
3 0.000001
4 0.000002
5 0.000001
6 0.000002
7 0.000001
8 0.000000
9 0.000001
10 0.000001
11 0.000002
12 0.000001
13 0.000001
14 0.000002
15 0.000002
16 0.000002
17 0.000002
18 0.000002
19 0.000002
20 0.000002
21 0.000002
22 0.000002
23 0.000003
24 0.000001
25 0.000002
26 0.000003
27 0.000002
28 0.000003
29 0.000003
30 0.000003
31 0.000003
32 0.000003
33 0.000003
34 0.000003
35 0.000003
36 0.000003
37 0.000003
38 0.000003
39 0.000004
40 0.000003
41 0.000003
42 0.000004
43 0.000004
44 0.000003
45 0.000003
46 0.000003
47 0.000004
48 0.000004
49 0.000004
50 0.000004
51 0.000005
52 0.000005
53 0.000005
54 0.000004
55 0.000005
56 0.000005
57 0.000005
58 0.000005
59 0.000005
60 0.000005
61 0.000006
62 0.000005
63 0.000005
64 0.000005
65 0.000005
66 0.000006
67 0.000006
68 0.000005
69 0.000006
70 0.000006
71 0.000005
72 0.000007
73 0.000006
74 0.000007
75 0.000007
76 0.000006
77 0.000007
78 0.000008
79 0.000007
80 0.000007
81 0.000007
82 0.000007
83 0.000007
84 0.000007
85 0.000007
86 0.000007
87 0.000007
88 0.000007
89 0.000007
90 0.000008
91 0.000008
92 0.000008
93 0.000008
94 0.000008
95 0.000008
96 0.000008
97 0.000009
98 0.000008
99 0.000009
100 0.000009
101 0.000010
102 0.000010
103 0.000010
104 0.000010
105 0.000010
106 0.000009
107 0.000011
108 0.000009
109 0.000010
110 0.000011
111 0.000010
112 0.000009
113 0.000010
114 0.000010
115 0.000011
116 0.000010
117 0.000011
118 0.000010
119 0.000011
120 0.000011
121 0.000011
122 0.000012
123 0.000013
124 0.000011
125 0.000013
126 0.000010
127 0.000013
128 0.000011
129 0.000011
130 0.000012
131 0.000012
132 0.000012
133 0.000012
134 0.000013
135 0.000012
136 0.000011
137 0.000013
138 0.000012
139 0.000013
140 0.000012
141 0.000012
142 0.000012
143 0.000012
144 0.000013
145 0.000014
146 0.000013
147 0.000013
148 0.000014
149 0.000014
150 0.000013
