1 0.000002
2 0.000001
3 0.000001
4 0.000002
5 0.000002
6 0.000003
7 0.000001
8 0.000001
9 0.000001
10 0.000001
11 0.000002
12 0.000001
13 0.000001
14 0.000002
15 0.000002
16 0.000001
17 0.000002
18 0.000004
19 0.000002
20 0.000002
21 0.000002
22 0.000002
23 0.000002
24 0.000004
25 0.000002
26 0.000002
27 0.000002
28 0.000002
29 0.000002
30 0.000002
31 0.000003
32 0.000003
33 0.000003
34 0.000003
35 0.000005
36 0.000004
37 0.000004
38 0.000004
39 0.000004
40 0.000005
41 0.000003
42 0.000004
43 0.000005
44 0.000004
45 0.000005
46 0.000005
47 0.000004
48 0.000004
49 0.000005
50 0.000004
51 0.000005
52 0.000005
53 0.000004
54 0.000005
55 0.000005
56 0.000004
57 0.000005
58 0.000005
59 0.000006
60 0.000005
61 0.000005
62 0.000006
63 0.000005
64 0.000006
65 0.000007
66 0.000006
67 0.000007
68 0.000007
69 0.000006
70 0.000007
71 0.000007
72 0.000007
73 0.000009
74 0.000006
75 0.000007
76 0.000008
77 0.000008
78 0.000009
79 0.000007
80 0.000007
81 0.000008
82 0.000009
83 0.000009
84 0.000009
85 0.000008
86 0.000008
87 0.000008
88 0.000008
89 0.000008
90 0.000008
91 0.000008
92 0.000009
93 0.000011
94 0.000010
95 0.000010
96 0.000009
97 0.000009
98 0.000009
99 0.000010
100 0.000009
101 0.000011
102 0.000009
103 0.000009
104 0.000009
105 0.000009
106 0.000010
107 0.000010
108 0.000010
109 0.000010
110 0.000010
111 0.000009
112 0.000010
113 0.000011
114 0.000010
115 0.000010
116 0.000011
117 0.000011
118 0.000011
119 0.000011
120 0.000010
121 0.000011
122 0.000011
123 0.000011
124 0.000011
125 0.000011
126 0.000011
127 0.000012
128 0.000012
129 0.000012
130 0.000012
131 0.000013
132 0.000011
133 0.000013
134 0.000012
135 0.000012
136 0.000013
137 0.000013
138 0.000012
139 0.000013
140 0.000014
141 0.000013
142 0.000013
143 0.000014
144 0.000012
145 0.000013
146 0.000017
147 0.000014
148 0.000013
149 0.000015
150 0.000014
