1 0.000001
2 0.000002
3 0.000001
4 0.000002
5 0.000002
6 0.000002
7 0.000001
8 0.000001
9 0.000002
10 0.000002
11 0.000001
12 0.000002
13 0.000002
14 0.000001
15 0.000001
16 0.000001
17 0.000002
18 0.000002
19 0.000002
20 0.000002
21 0.000002
22 0.000002
23 0.000003
24 0.000002
25 0.000003
26 0.000002
27 0.000001
28 0.000003
29 0.000003
30 0.000002
31 0.000003
32 0.000002
33 0.000003
34 0.000003
35 0.000002
36 0.000003
37 0.000003
38 0.000003
39 0.000003
40 0.000003
41 0.000003
42 0.000003
43 0.000004
44 0.000004
45 0.000004
46 0.000004
47 0.000003
48 0.000003
49 0.000004
50 0.000005
51 0.000004
52 0.000004
53 0.000004
54 0.000004
55 0.000004
56 0.000004
57 0.000004
58 0.000004
59 0.000004
60 0.000004
61 0.000004
62 0.000005
63 0.000005
64 0.000005
65 0.000005
66 0.000005
67 0.000005
68 0.000005
69 0.000006
70 0.000006
71 0.000006
72 0.000007
73 0.000008
74 0.000008
75 0.000008
76 0.000007
77 0.000007
78 0.000007
79 0.000008
80 0.000007
81 0.000006
82 0.000007
83 0.000007
84 0.000007
85 0.000007
86 0.000007
87 0.000006
88 0.000007
89 0.000007
90 0.000007
91 0.000006
92 0.000007
93 0.000009
94 0.000009
95 0.000009
96 0.000008
97 0.000010
98 0.000007
99 0.000008
100 0.000009
101 0.000010
102 0.000008
103 0.000008
104 0.000008
105 0.000010
106 0.000008
107 0.000009
108 0.000010
109 0.000011
110 0.000010
111 0.000009
112 0.000010
113 0.000010
114 0.000010
115 0.000010
116 0.000009
117 0.000011
118 0.000010
119 0.000010
120 0.000010
121 0.000012
122 0.000011
123 0.000010
124 0.000010
125 0.000016
126 0.000013
127 0.000011
128 0.000011
129 0.000011
130 0.000013
131 0.000011
132 0.000011
133 0.000011
134 0.000011
135 0.000012
136 0.000013
137 0.000012
138 0.000012
139 0.000012
140 0.000013
141 0.000012
142 0.000013
143 0.000016
144 0.000018
145 0.000017
146 0.000019
147 0.000014
148 0.000013
149 0.000014
150 0.000018
