1 0.000001
2 0.000001
3 0.000001
4 0.000001
5 0.000001
6 0.000001
7 0.000001
8 0.000002
9 0.000001
10 0.000002
11 0.000002
12 0.000002
13 0.000001
14 0.000001
15 0.000002
16 0.000002
17 0.000002
18 0.000002
19 0.000002
20 0.000002
21 0.000002
22 0.000002
23 0.000002
24 0.000002
25 0.000002
26 0.000002
27 0.000002
28 0.000002
29 0.000003
30 0.000002
31 0.000003
32 0.000002
33 0.000003
34 0.000003
35 0.000003
36 0.000004
37 0.000003
38 0.000004
39 0.000003
40 0.000003
41 0.000004
42 0.000004
43 0.000004
44 0.000004
45 0.000004
46 0.000004
47 0.000004
48 0.000005
49 0.000005
50 0.000005
51 0.000004
52 0.000005
53 0.000005
54 0.000005
55 0.000004
56 0.000005
57 0.000005
58 0.000005
59 0.000006
60 0.000006
61 0.000005
62 0.000006
63 0.000006
64 0.000005
65 0.000005
66 0.000006
67 0.000006
68 0.000006
69 0.000006
70 0.000006
71 0.000006
72 0.000006
73 0.000007
74 0.000006
75 0.000006
76 0.000006
77 0.000006
78 0.000009
79 0.000007
80 0.000009
81 0.000008
82 0.000007
83 0.000008
84 0.000009
85 0.000008
86 0.000008
87 0.000008
88 0.000008
89 0.000008
90 0.000009
91 0.000009
92 0.000008
93 0.000010
94 0.000011
95 0.000012
96 0.000011
97 0.000012
98 0.000013
99 0.000011
100 0.000012
101 0.000010
102 0.000014
103 0.000010
104 0.000010
105 0.000009
106 0.000010
107 0.000010
108 0.000012
109 0.000010
110 0.000013
111 0.000013
112 0.000014
113 0.000014
114 0.000015
115 0.000015
116 0.000015
117 0.000013
118 0.000014
119 0.000014
120 0.000013
121 0.000012
122 0.000014
123 0.000016
124 0.000016
125 0.000017
126 0.000016
127 0.000018
128 0.000018
129 0.000016
130 0.000016
131 0.000013
132 0.000017
133 0.000015
134 0.000013
135 0.000014
136 0.000014
137 0.000016
138 0.000017
139 0.000020
140 0.000018
141 0.000019
142 0.000021
143 0.000021
144 0.000019
145 0.000015
146 0.000014
147 0.000014
148 0.000020
149 0.000016
150 0.000015
