1 0.000002
2 0.000002
3 0.000001
4 0.000001
5 0.000002
6 0.000002
7 0.000002
8 0.000001
9 0.000001
10 0.000001
11 0.000004
12 0.000001
13 0.000001
14 0.000001
15 0.000002
16 0.000002
17 0.000002
18 0.000002
19 0.000002
20 0.000002
21 0.000002
22 0.000001
23 0.000004
24 0.000002
25 0.000003
26 0.000002
27 0.000002
28 0.000002
29 0.000003
30 0.000002
31 0.000004
32 0.000003
33 0.000003
34 0.000003
35 0.000003
36 0.000004
37 0.000005
38 0.000003
39 0.000004
40 0.000004
41 0.000004
42 0.000003
43 0.000003
44 0.000003
45 0.000004
46 0.000003
47 0.000004
48 0.000008
49 0.000006
50 0.000005
51 0.000004
52 0.000006
53 0.000005
54 0.000005
55 0.000005
56 0.000005
57 0.000006
58 0.000006
59 0.000005
60 0.000005
61 0.000005
62 0.000005
63 0.000005
64 0.000006
65 0.000006
66 0.000008
67 0.000006
68 0.000006
69 0.000006
70 0.000007
71 0.000007
72 0.000007
73 0.000006
74 0.000007
75 0.000007
76 0.000009
77 0.000008
78 0.000008
79 0.000008
80 0.000007
81 0.000007
82 0.000007
83 0.000007
84 0.000009
85 0.000008
86 0.000008
87 0.000008
88 0.000008
89 0.000008
90 0.000008
91 0.000010
92 0.000008
93 0.000008
94 0.000008
95 0.000009
96 0.000009
97 0.000011
98 0.000009
99 0.000008
100 0.000009
101 0.000009
102 0.000009
103 0.000011
104 0.000011
105 0.000011
106 0.000013
107 0.000010
108 0.000010
109 0.000010
110 0.000010
111 0.000010
112 0.000013
113 0.000010
114 0.000011
115 0.000010
116 0.000010
117 0.000010
118 0.000010
119 0.000011
120 0.000011
121 0.000011
122 0.000013
123 0.000013
124 0.000011
125 0.000011
126 0.000012
127 0.000011
128 0.000011
129 0.000012
130 0.000012
131 0.000014
132 0.000012
133 0.000011
134 0.000011
135 0.000015
136 0.000013
137 0.000012
138 0.000014
139 0.000013
140 0.000013
141 0.000014
142 0.000015
143 0.000015
144 0.000013
145 0.000013
146 0.000014
147 0.000014
148 0.000015
149 0.000014
150 0.000015
