1 0.000001
2 0.000002
3 0.000001
4 0.000002
5 0.000001
6 0.000001
7 0.000001
8 0.000001
9 0.000001
10 0.000002
11 0.000002
12 0.000001
13 0.000002
14 0.000002
15 0.000002
16 0.000002
17 0.000002
18 0.000001
19 0.000003
20 0.000002
21 0.000003
22 0.000003
23 0.000003
24 0.000003
25 0.000003
26 0.000003
27 0.000003
28 0.000004
29 0.000003
30 0.000004
31 0.000003
32 0.000003
33 0.000003
34 0.000003
35 0.000002
36 0.000003
37 0.000003
38 0.000003
39 0.000003
40 0.000003
41 0.000004
42 0.000004
43 0.000003
44 0.000004
45 0.000004
46 0.000004
47 0.000005
48 0.000005
49 0.000006
50 0.000006
51 0.000006
52 0.000007
53 0.000007
54 0.000006
55 0.000006
56 0.000006
57 0.000009
58 0.000006
59 0.000009
60 0.000007
61 0.000005
62 0.000006
63 0.000006
64 0.000005
65 0.000006
66 0.000006
67 0.000006
68 0.000006
69 0.000006
70 0.000007
71 0.000006
72 0.000006
73 0.000007
74 0.000009
75 0.000006
76 0.000008
77 0.000008
78 0.000008
79 0.000010
80 0.000009
81 0.000009
82 0.000008
83 0.000010
84 0.000011
85 0.000009
86 0.000009
87 0.000008
88 0.000009
89 0.000010
90 0.000009
91 0.000008
92 0.000008
93 0.000009
94 0.000009
95 0.000011
96 0.000009
97 0.000009
98 0.000009
99 0.000009
100 0.000009
101 0.000010
102 0.000011
103 0.000013
104 0.000012
105 0.000012
106 0.000011
107 0.000012
108 0.000013
109 0.000013
110 0.000015
111 0.000012
112 0.000011
113 0.000011
114 0.000010
115 0.000010
116 0.000010
117 0.000010
118 0.000010
119 0.000010
120 0.000010
121 0.000011
122 0.000011
123 0.000010
124 0.000010
125 0.000013
126 0.000013
127 0.000013
128 0.000017
129 0.000015
130 0.000016
131 0.000015
132 0.000015
133 0.000015
134 0.000015
135 0.000012
136 0.000014
137 0.000011
138 0.000013
139 0.000012
140 0.000014
141 0.000014
142 0.000013
143 0.000013
144 0.000013
145 0.000013
146 0.000014
147 0.000015
148 0.000016
149 0.000018
150 0.000020
