1 0.000002
2 0.000001
3 0.000001
4 0.000001
5 0.000001
6 0.000002
7 0.000001
8 0.000002
9 0.000002
10 0.000001
11 0.000002
12 0.000002
13 0.000002
14 0.000002
15 0.000001
16 0.000001
17 0.000002
18 0.000002
19 0.000002
20 0.000002
21 0.000002
22 0.000002
23 0.000002
24 0.000002
25 0.000003
26 0.000002
27 0.000002
28 0.000003
29 0.000002
30 0.000004
31 0.000003
32 0.000002
33 0.000003
34 0.000003
35 0.000003
36 0.000003
37 0.000003
38 0.000005
39 0.000004
40 0.000003
41 0.000004
42 0.000004
43 0.000003
44 0.000004
45 0.000003
46 0.000004
47 0.000004
48 0.000004
49 0.000005
50 0.000004
51 0.000004
52 0.000004
53 0.000005
54 0.000005
55 0.000004
56 0.000004
57 0.000005
58 0.000005
59 0.000004
60 0.000005
61 0.000005
62 0.000005
63 0.000005
64 0.000005
65 0.000005
66 0.000005
67 0.000005
68 0.000005
69 0.000006
70 0.000005
71 0.000006
72 0.000006
73 0.000005
74 0.000005
75 0.000006
76 0.000006
77 0.000008
78 0.000006
79 0.000010
80 0.000008
81 0.000008
82 0.000011
83 0.000007
84 0.000009
85 0.000007
86 0.000007
87 0.000007
88 0.000007
89 0.000007
90 0.000007
91 0.000008
92 0.000007
93 0.000007
94 0.000008
95 0.000008
96 0.000008
97 0.000007
98 0.000008
99 0.000008
100 0.000008
101 0.000008
102 0.000009
103 0.000009
104 0.000008
105 0.000008
106 0.000009
107 0.000011
108 0.000009
109 0.000009
110 0.000013
111 0.000009
112 0.000009
113 0.000010
114 0.000010
115 0.000009
116 0.000010
117 0.000010
118 0.000010
119 0.000010
120 0.000012
121 0.000010
122 0.000010
123 0.000011
124 0.000013
125 0.000010
126 0.000011
127 0.000011
128 0.000011
129 0.000013
130 0.000017
131 0.000014
132 0.000011
133 0.000014
134 0.000015
135 0.000015
136 0.000019
137 0.000017
138 0.000016
139 0.000016
140 0.000017
141 0.000021
142 0.000019
143 0.000017
144 0.000016
145 0.000019
146 0.000025
147 0.000024
148 0.000018
149 0.000018
150 0.000020
