1 0.000001
2 0.000002
3 0.000001
4 0.000001
5 0.000001
6 0.000001
7 0.000001
8 0.000002
9 0.000002
10 0.000001
11 0.000002
12 0.000002
13 0.000002
14 0.000002
15 0.000002
16 0.000003
17 0.000002
18 0.000002
19 0.000002
20 0.000002
21 0.000002
22 0.000002
23 0.000003
24 0.000003
25 0.000003
26 0.000002
27 0.000003
28 0.000003
29 0.000003
30 0.000003
31 0.000003
32 0.000003
33 0.000004
34 0.000003
35 0.000003
36 0.000004
37 0.000003
38 0.000003
39 0.000004
40 0.000004
41 0.000004
42 0.000004
43 0.000004
44 0.000004
45 0.000004
46 0.000004
47 0.000004
48 0.000004
49 0.000004
50 0.000005
51 0.000005
52 0.000006
53 0.000005
54 0.000005
55 0.000005
56 0.000005
57 0.000005
58 0.000006
59 0.000006
60 0.000008
61 0.000006
62 0.000006
63 0.000005
64 0.000005
65 0.000006
66 0.000006
67 0.000005
68 0.000006
69 0.000006
70 0.000006
71 0.000006
72 0.000006
73 0.000006
74 0.000006
75 0.000006
76 0.000007
77 0.000007
78 0.000007
79 0.000006
80 0.000007
81 0.000007
82 0.000008
83 0.000008
84 0.000008
85 0.000008
86 0.000007
87 0.000008
88 0.000007
89 0.000008
90 0.000009
91 0.000010
92 0.000009
93 0.000009
94 0.000010
95 0.000012
96 0.000009
97 0.000009
98 0.000008
99 0.000009
100 0.000009
101 0.000008
102 0.000009
103 0.000009
104 0.000009
105 0.000008
106 0.000010
107 0.000009
108 0.000009
109 0.000010
110 0.000017
111 0.000013
112 0.000014
113 0.000013
114 0.000014
115 0.000013
116 0.000013
117 0.000012
118 0.000011
119 0.000011
120 0.000011
121 0.000010
122 0.000010
123 0.000010
124 0.000010
125 0.000011
126 0.000011
127 0.000011
128 0.000012
129 0.000013
130 0.000011
131 0.000012
132 0.000011
133 0.000012
134 0.000012
135 0.000012
136 0.000012
137 0.000012
138 0.000012
139 0.000012
140 0.000012
141 0.000012
142 0.000012
143 0.000012
144 0.000012
145 0.000013
146 0.000012
147 0.000015
148 0.000012
149 0.000013
150 0.000014
