1 0.000001
2 0.000001
3 0.000002
4 0.000001
5 0.000001
6 0.000002
7 0.000002
8 0.000002
9 0.000004
10 0.000001
11 0.000002
12 0.000002
13 0.000001
14 0.000002
15 0.000002
16 0.000002
17 0.000003
18 0.000002
19 0.000002
20 0.000002
21 0.000002
22 0.000002
23 0.000003
24 0.000003
25 0.000003
26 0.000003
27 0.000004
28 0.000003
29 0.000003
30 0.000003
31 0.000003
32 0.000003
33 0.000003
34 0.000003
35 0.000003
36 0.000003
37 0.000003
38 0.000003
39 0.000003
40 0.000004
41 0.000004
42 0.000003
43 0.000004
44 0.000004
45 0.000005
46 0.000004
47 0.000004
48 0.000005
49 0.000005
50 0.000005
51 0.000005
52 0.000005
53 0.000005
54 0.000005
55 0.000005
56 0.000007
57 0.000008
58 0.000005
59 0.000005
60 0.000005
61 0.000005
62 0.000005
63 0.000005
64 0.000005
65 0.000005
66 0.000007
67 0.000005
68 0.000005
69 0.000006
70 0.000007
71 0.000007
72 0.000007
73 0.000007
74 0.000007
75 0.000008
76 0.000007
77 0.000007
78 0.000008
79 0.000007
80 0.000007
81 0.000008
82 0.000009
83 0.000007
84 0.000008
85 0.000007
86 0.000007
87 0.000008
88 0.000008
89 0.000007
90 0.000011
91 0.000008
92 0.000008
93 0.000007
94 0.000008
95 0.000009
96 0.000009
97 0.000010
98 0.000009
99 0.000010
100 0.000012
101 0.000010
102 0.000009
103 0.000009
104 0.000012
105 0.000010
106 0.000012
107 0.000009
108 0.000008
109 0.000008
110 0.000009
111 0.000009
112 0.000010
113 0.000009
114 0.000011
115 0.000010
116 0.000010
117 0.000010
118 0.000014
119 0.000012
120 0.000012
121 0.000012
122 0.000015
123 0.000016
124 0.000013
125 0.000014
126 0.000013
127 0.000012
128 0.000013
129 0.000014
130 0.000012
131 0.000011
132 0.000014
133 0.000011
134 0.000011
135 0.000012
136 0.000012
137 0.000014
138 0.000014
139 0.000016
140 0.000015
141 0.000016
142 0.000016
143 0.000016
144 0.000016
145 0.000017
146 0.000013
147 0.000012
148 0.000018
149 0.000017
150 0.000014
