0 0.000002
10000 0.001311
20000 0.002754
30000 0.004267
40000 0.005628
50000 0.008032
60000 0.011739
70000 0.012066
80000 0.012208
90000 0.014280
100000 0.016945
110000 0.017842
120000 0.025439
130000 0.020630
140000 0.024354
150000 0.024445
160000 0.028019
170000 0.028884
180000 0.030480
190000 0.033228
200000 0.033034
210000 0.037598
220000 0.040327
230000 0.038538
240000 0.041992
250000 0.041838
260000 0.048007
270000 0.052726
280000 0.053860
290000 0.050501
300000 0.051711
310000 0.053207
320000 0.056374
330000 0.057470
340000 0.057760
350000 0.059420
360000 0.061066
370000 0.063364
380000 0.064337
390000 0.066941
400000 0.067789
410000 0.072140
420000 0.072491
430000 0.074500
440000 0.078368
450000 0.079526
460000 0.080713
470000 0.080527
480000 0.085195
490000 0.085993
500000 0.089580
510000 0.088846
520000 0.091879
530000 0.090970
540000 0.094220
550000 0.095548
560000 0.096763
570000 0.101146
580000 0.100969
590000 0.104455
600000 0.109878
610000 0.111894
620000 0.110246
630000 0.112451
640000 0.115254
650000 0.118294
660000 0.135122
670000 0.138422
680000 0.133475
690000 0.132668
700000 0.135077
710000 0.137914
720000 0.143151
730000 0.136880
740000 0.138722
750000 0.136257
760000 0.151862
770000 0.144223
780000 0.155393
790000 0.149998
800000 0.154184
810000 0.164504
820000 0.174507
830000 0.171144
840000 0.164758
850000 0.167463
860000 0.159850
870000 0.164647
880000 0.164991
890000 0.162371
900000 0.162551
910000 0.169070
920000 0.168942
930000 0.171853
940000 0.170667
950000 0.177586
960000 0.176597
970000 0.174447
980000 0.177586
990000 0.180499
1000000 0.178090
