0 0.000001
10000 0.002070
20000 0.004527
30000 0.007066
40000 0.010375
50000 0.013224
60000 0.015676
70000 0.018498
80000 0.022070
90000 0.025442
100000 0.028134
110000 0.030712
120000 0.034498
130000 0.037621
140000 0.041139
150000 0.045196
160000 0.048721
170000 0.050154
180000 0.055691
190000 0.056910
200000 0.060750
210000 0.065414
220000 0.068867
230000 0.072296
240000 0.073352
250000 0.077328
260000 0.080468
270000 0.089468
280000 0.086921
290000 0.104802
300000 0.126212
310000 0.099611
320000 0.100961
330000 0.105280
340000 0.103968
350000 0.108653
360000 0.117338
370000 0.114287
380000 0.121563
390000 0.127116
400000 0.128688
410000 0.129659
420000 0.131962
430000 0.136975
440000 0.139328
450000 0.147671
460000 0.143606
470000 0.146808
480000 0.154997
490000 0.159152
500000 0.179500
510000 0.190325
520000 0.181020
530000 0.180020
540000 0.173682
550000 0.171335
560000 0.181428
570000 0.181504
580000 0.184099
590000 0.186881
600000 0.191406
610000 0.194136
620000 0.212528
630000 0.217253
640000 0.204012
650000 0.205176
660000 0.207869
670000 0.209965
680000 0.218376
690000 0.229356
700000 0.231456
710000 0.234884
720000 0.240405
730000 0.243857
740000 0.250839
750000 0.260589
760000 0.260553
770000 0.265228
780000 0.265462
790000 0.274945
800000 0.279716
810000 0.282876
820000 0.286352
830000 0.294653
840000 0.292828
850000 0.302213
860000 0.301378
870000 0.308711
880000 0.317640
890000 0.316093
900000 0.320225
910000 0.321812
920000 0.325649
930000 0.327851
940000 0.333277
950000 0.339390
960000 0.345027
970000 0.353894
980000 0.383285
990000 0.376038
1000000 0.362213
