0 0.000001
10000 0.002244
20000 0.004625
30000 0.007090
40000 0.009621
50000 0.012132
60000 0.016022
70000 0.019745
80000 0.022490
90000 0.025312
100000 0.028713
110000 0.031802
120000 0.033983
130000 0.037789
140000 0.043467
150000 0.045172
160000 0.048644
170000 0.052860
180000 0.055281
190000 0.058338
200000 0.062744
210000 0.066251
220000 0.073490
230000 0.068725
240000 0.072699
250000 0.078839
260000 0.082687
270000 0.083761
280000 0.089047
290000 0.094904
300000 0.106642
310000 0.107601
320000 0.100864
330000 0.106820
340000 0.110706
350000 0.113992
360000 0.121891
370000 0.122272
380000 0.127038
390000 0.133668
400000 0.139041
410000 0.138389
420000 0.147232
430000 0.159404
440000 0.163447
450000 0.165380
460000 0.193466
470000 0.191440
480000 0.170583
490000 0.189889
500000 0.188119
510000 0.181832
520000 0.187926
530000 0.195630
540000 0.195692
550000 0.199670
560000 0.204132
570000 0.190400
580000 0.198563
590000 0.198716
600000 0.203238
610000 0.221951
620000 0.217921
630000 0.221086
640000 0.218894
650000 0.223641
660000 0.222786
670000 0.228945
680000 0.235315
690000 0.233220
700000 0.241575
710000 0.244330
720000 0.247513
730000 0.246700
740000 0.254075
750000 0.256207
760000 0.260243
770000 0.263425
780000 0.264702
790000 0.276407
800000 0.273220
810000 0.278381
820000 0.280032
830000 0.283021
840000 0.287711
850000 0.292379
860000 0.296957
870000 0.298365
880000 0.301416
890000 0.309371
900000 0.314848
910000 0.353723
920000 0.327130
930000 0.340660
940000 0.352660
950000 0.335392
960000 0.338628
970000 0.341366
980000 0.353121
990000 0.348483
1000000 0.365896
