0 0.000002
10000 0.002077
20000 0.004250
30000 0.006956
40000 0.008750
50000 0.011367
60000 0.014353
70000 0.017092
80000 0.019557
90000 0.023223
100000 0.024158
110000 0.027366
120000 0.029388
130000 0.033453
140000 0.035191
150000 0.036563
160000 0.039635
170000 0.045416
180000 0.046098
190000 0.047873
200000 0.050372
210000 0.054663
220000 0.059887
230000 0.061704
240000 0.065413
250000 0.066111
260000 0.068114
270000 0.070531
280000 0.072562
290000 0.075939
300000 0.078529
310000 0.082166
320000 0.084541
330000 0.088305
340000 0.094725
350000 0.093559
360000 0.100041
370000 0.110640
380000 0.111140
390000 0.114630
400000 0.118853
410000 0.122744
420000 0.129014
430000 0.128436
440000 0.134184
450000 0.132558
460000 0.137691
470000 0.142707
480000 0.148443
490000 0.151680
500000 0.160711
510000 0.158504
520000 0.161960
530000 0.163778
540000 0.165294
550000 0.173025
560000 0.171368
570000 0.173222
580000 0.172233
590000 0.178456
600000 0.177792
610000 0.179605
620000 0.181368
630000 0.181326
640000 0.186811
650000 0.196063
660000 0.205651
670000 0.211616
680000 0.212380
690000 0.213200
700000 0.208208
710000 0.225192
720000 0.205573
730000 0.211306
740000 0.213251
750000 0.213733
760000 0.219310
770000 0.229587
780000 0.224955
790000 0.228341
800000 0.230377
810000 0.237224
820000 0.239569
830000 0.242658
840000 0.247678
850000 0.249666
860000 0.253095
870000 0.269079
880000 0.259828
890000 0.261125
900000 0.263694
910000 0.280508
920000 0.288053
930000 0.274911
940000 0.280476
950000 0.279447
960000 0.289158
970000 0.282528
980000 0.301889
990000 0.304814
1000000 0.324174
