0 0.000001
10000 0.002447
20000 0.004705
30000 0.008230
40000 0.010354
50000 0.013623
60000 0.016488
70000 0.019018
80000 0.024058
90000 0.025623
100000 0.028095
110000 0.030511
120000 0.034548
130000 0.036774
140000 0.046683
150000 0.050984
160000 0.054304
170000 0.054351
180000 0.056157
190000 0.058413
200000 0.065211
210000 0.065475
220000 0.079228
230000 0.083342
240000 0.077164
250000 0.089558
260000 0.094960
270000 0.112014
280000 0.109623
290000 0.096047
300000 0.130538
310000 0.116633
320000 0.105970
330000 0.110738
340000 0.112772
350000 0.115187
360000 0.123390
370000 0.128278
380000 0.130420
390000 0.133827
400000 0.133656
410000 0.139352
420000 0.143442
430000 0.147269
440000 0.150907
450000 0.156321
460000 0.159674
470000 0.162617
480000 0.169631
490000 0.185137
500000 0.167339
510000 0.172805
520000 0.177526
530000 0.174583
540000 0.180763
550000 0.181458
560000 0.190404
570000 0.191703
580000 0.207302
590000 0.220383
600000 0.216820
610000 0.218968
620000 0.204707
630000 0.221070
640000 0.229628
650000 0.222279
660000 0.230055
670000 0.231762
680000 0.242099
690000 0.242450
700000 0.247799
710000 0.245529
720000 0.250191
730000 0.264445
740000 0.278700
750000 0.279366
760000 0.285969
770000 0.293104
780000 0.283720
790000 0.283368
800000 0.285655
810000 0.290150
820000 0.293496
830000 0.295738
840000 0.304627
850000 0.309085
860000 0.313719
870000 0.336367
880000 0.335292
890000 0.343870
900000 0.327469
910000 0.332649
920000 0.339915
930000 0.357125
940000 0.346610
950000 0.364288
960000 0.354525
970000 0.359220
980000 0.364424
990000 0.365893
1000000 0.366476
