0 0.000001
10000 0.002298
20000 0.004424
30000 0.007193
40000 0.010323
50000 0.012721
60000 0.014427
70000 0.017066
80000 0.019579
90000 0.022321
100000 0.025236
110000 0.027760
120000 0.031143
130000 0.033669
140000 0.036106
150000 0.038635
160000 0.042313
170000 0.045020
180000 0.047111
190000 0.050489
200000 0.052783
210000 0.055806
220000 0.058638
230000 0.061765
240000 0.067232
250000 0.072732
260000 0.077894
270000 0.084408
280000 0.084118
290000 0.087420
300000 0.090844
310000 0.089791
320000 0.094063
330000 0.096390
340000 0.106184
350000 0.106500
360000 0.111561
370000 0.108580
380000 0.107650
390000 0.123810
400000 0.131326
410000 0.123668
420000 0.123093
430000 0.140189
440000 0.147637
450000 0.146274
460000 0.149481
470000 0.142779
480000 0.160421
490000 0.163837
500000 0.164616
510000 0.176958
520000 0.174400
530000 0.174040
540000 0.184261
550000 0.182339
560000 0.186795
570000 0.188726
580000 0.191179
590000 0.195592
600000 0.195316
610000 0.196487
620000 0.197455
630000 0.195595
640000 0.193144
650000 0.197049
660000 0.199854
670000 0.202851
680000 0.207713
690000 0.208810
700000 0.213655
710000 0.218796
720000 0.218031
730000 0.225398
740000 0.223223
750000 0.241423
760000 0.233419
770000 0.236729
780000 0.255660
790000 0.255617
800000 0.273201
810000 0.257422
820000 0.277760
830000 0.268077
840000 0.267452
850000 0.275573
860000 0.289319
870000 0.291933
880000 0.277401
890000 0.313067
900000 0.325945
910000 0.318533
920000 0.331705
930000 0.301267
940000 0.321050
950000 0.339252
960000 0.338821
970000 0.309960
980000 0.325811
990000 0.342182
1000000 0.323563
