0 0.000001
10000 0.002251
20000 0.004880
30000 0.007522
40000 0.009673
50000 0.012070
60000 0.015185
70000 0.017914
80000 0.020275
90000 0.022461
100000 0.025384
110000 0.028343
120000 0.031175
130000 0.034552
140000 0.037523
150000 0.039773
160000 0.042658
170000 0.046407
180000 0.048351
190000 0.051151
200000 0.053982
210000 0.056875
220000 0.059973
230000 0.063726
240000 0.066624
250000 0.070853
260000 0.075446
270000 0.078359
280000 0.079361
290000 0.087138
300000 0.085031
310000 0.088503
320000 0.090395
330000 0.093398
340000 0.100469
350000 0.103310
360000 0.106461
370000 0.108784
380000 0.110306
390000 0.114171
400000 0.118595
410000 0.120486
420000 0.124767
430000 0.129842
440000 0.131093
450000 0.138722
460000 0.143749
470000 0.147322
480000 0.152787
490000 0.160048
500000 0.161921
510000 0.159024
520000 0.164901
530000 0.166869
540000 0.166154
550000 0.167591
560000 0.179615
570000 0.178783
580000 0.183017
590000 0.187343
600000 0.185804
610000 0.201316
620000 0.218632
630000 0.227791
640000 0.210786
650000 0.225347
660000 0.240658
670000 0.252383
680000 0.245580
690000 0.234800
700000 0.253369
710000 0.261390
720000 0.250093
730000 0.253390
740000 0.242793
750000 0.250565
760000 0.262916
770000 0.254725
780000 0.269482
790000 0.297208
800000 0.269319
810000 0.260971
820000 0.271617
830000 0.275279
840000 0.277959
850000 0.280083
860000 0.282854
870000 0.276520
880000 0.297681
890000 0.311255
900000 0.322323
910000 0.323511
920000 0.312526
930000 0.320131
940000 0.360019
950000 0.361224
960000 0.388419
970000 0.370164
980000 0.391101
990000 0.392265
1000000 0.428717
