0 0.000001
10000 0.001915
20000 0.004134
30000 0.006525
40000 0.008537
50000 0.010891
60000 0.013761
70000 0.016649
80000 0.018330
90000 0.021288
100000 0.023371
110000 0.026255
120000 0.028449
130000 0.032162
140000 0.034273
150000 0.036713
160000 0.039710
170000 0.046595
180000 0.049403
190000 0.050992
200000 0.054144
210000 0.055666
220000 0.058009
230000 0.060081
240000 0.064044
250000 0.071300
260000 0.076050
270000 0.076242
280000 0.074793
290000 0.084792
300000 0.082218
310000 0.084922
320000 0.090842
330000 0.092515
340000 0.103405
350000 0.099242
360000 0.102478
370000 0.104190
380000 0.106224
390000 0.112837
400000 0.121192
410000 0.120771
420000 0.124557
430000 0.127594
440000 0.131953
450000 0.131098
460000 0.136462
470000 0.137769
480000 0.135599
490000 0.148424
500000 0.145388
510000 0.155381
520000 0.154140
530000 0.162212
540000 0.160120
550000 0.169592
560000 0.170447
570000 0.167544
580000 0.173992
590000 0.185932
600000 0.177387
610000 0.184726
620000 0.194863
630000 0.199925
640000 0.191535
650000 0.200727
660000 0.203505
670000 0.206662
680000 0.208436
690000 0.212740
700000 0.219703
710000 0.220623
720000 0.241068
730000 0.237044
740000 0.262212
750000 0.239648
760000 0.253020
770000 0.248042
780000 0.260613
790000 0.258451
800000 0.260298
810000 0.254091
820000 0.261004
830000 0.297118
840000 0.289607
850000 0.279417
860000 0.284566
870000 0.302459
880000 0.301546
890000 0.305943
900000 0.303376
910000 0.311962
920000 0.314313
930000 0.321752
940000 0.319009
950000 0.325881
960000 0.324415
970000 0.317848
980000 0.311277
990000 0.314432
1000000 0.318121
