0 0.000001
10000 0.002084
20000 0.004255
30000 0.006867
40000 0.009412
50000 0.012072
60000 0.014027
70000 0.016820
80000 0.020472
90000 0.023179
100000 0.026134
110000 0.027692
120000 0.031935
130000 0.033465
140000 0.036872
150000 0.039363
160000 0.039813
170000 0.042805
180000 0.045429
190000 0.047571
200000 0.050526
210000 0.053228
220000 0.055943
230000 0.058784
240000 0.061517
250000 0.064518
260000 0.067454
270000 0.070818
280000 0.073424
290000 0.077188
300000 0.079776
310000 0.082469
320000 0.084985
330000 0.089001
340000 0.092840
350000 0.095961
360000 0.100584
370000 0.104796
380000 0.108202
390000 0.108709
400000 0.112044
410000 0.115141
420000 0.117716
430000 0.118551
440000 0.123182
450000 0.124937
460000 0.127347
470000 0.130442
480000 0.136118
490000 0.140065
500000 0.141120
510000 0.144418
520000 0.148048
530000 0.150321
540000 0.153285
550000 0.160021
560000 0.161112
570000 0.163419
580000 0.169009
590000 0.169506
600000 0.173019
610000 0.175692
620000 0.179560
630000 0.185788
640000 0.187345
650000 0.191749
660000 0.192323
670000 0.204995
680000 0.201791
690000 0.201318
700000 0.204678
710000 0.208769
720000 0.210550
730000 0.217573
740000 0.215940
750000 0.219286
760000 0.222087
770000 0.228226
780000 0.230843
790000 0.232959
800000 0.235807
810000 0.239675
820000 0.241632
830000 0.244048
840000 0.248764
850000 0.256263
860000 0.255518
870000 0.259490
880000 0.264024
890000 0.263847
900000 0.268272
910000 0.268111
920000 0.278601
930000 0.286825
940000 0.292222
950000 0.291449
960000 0.293525
970000 0.294353
980000 0.301124
990000 0.309371
1000000 0.307045
