0 0.000002
10000 0.001280
20000 0.002407
30000 0.003642
40000 0.005477
50000 0.006009
60000 0.007241
70000 0.008126
80000 0.009806
90000 0.010810
100000 0.012568
110000 0.013490
120000 0.014268
130000 0.015785
140000 0.017551
150000 0.019463
160000 0.019706
170000 0.021387
180000 0.025511
190000 0.024138
200000 0.025738
210000 0.029129
220000 0.029653
230000 0.030008
240000 0.032668
250000 0.032368
260000 0.038473
270000 0.039196
280000 0.044354
290000 0.040152
300000 0.040188
310000 0.043107
320000 0.043350
330000 0.041837
340000 0.050938
350000 0.048015
360000 0.054477
370000 0.047346
380000 0.049280
390000 0.051809
400000 0.054541
410000 0.053002
420000 0.057288
430000 0.065377
440000 0.071557
450000 0.068762
460000 0.062844
470000 0.062588
480000 0.065163
490000 0.066896
500000 0.069078
510000 0.077776
520000 0.083076
530000 0.081859
540000 0.088052
550000 0.076493
560000 0.078909
570000 0.079259
580000 0.082173
590000 0.084669
600000 0.079661
610000 0.086637
620000 0.082335
630000 0.085596
640000 0.087257
650000 0.091880
660000 0.092502
670000 0.089766
680000 0.092671
690000 0.089762
700000 0.091610
710000 0.096282
720000 0.105015
730000 0.102541
740000 0.109882
750000 0.107312
760000 0.105561
770000 0.112573
780000 0.111795
790000 0.110082
800000 0.108420
810000 0.113390
820000 0.116816
830000 0.116661
840000 0.117990
850000 0.122067
860000 0.119135
870000 0.123633
880000 0.125307
890000 0.114160
900000 0.115290
910000 0.115166
920000 0.121617
930000 0.122879
940000 0.128523
950000 0.124876
960000 0.127802
970000 0.127095
980000 0.132401
990000 0.129529
1000000 0.130867
