0 0.000002
10000 0.001111
20000 0.002563
30000 0.003600
40000 0.005316
50000 0.006252
60000 0.007216
70000 0.008549
80000 0.009735
90000 0.011070
100000 0.012954
110000 0.013330
120000 0.014690
130000 0.015473
140000 0.016799
150000 0.018010
160000 0.019168
170000 0.020556
180000 0.021593
190000 0.024798
200000 0.033607
210000 0.026566
220000 0.028884
230000 0.028696
240000 0.030503
250000 0.033107
260000 0.034142
270000 0.034694
280000 0.033199
290000 0.036984
300000 0.036335
310000 0.037329
320000 0.038373
330000 0.040656
340000 0.041044
350000 0.042675
360000 0.043332
370000 0.048948
380000 0.048537
390000 0.047215
400000 0.051908
410000 0.054151
420000 0.054855
430000 0.056408
440000 0.068110
450000 0.060807
460000 0.058970
470000 0.066177
480000 0.089910
490000 0.064220
500000 0.061047
510000 0.061746
520000 0.063271
530000 0.065941
540000 0.070285
550000 0.075915
560000 0.068081
570000 0.069099
580000 0.069984
590000 0.070795
600000 0.071683
610000 0.073946
620000 0.083083
630000 0.087544
640000 0.113870
650000 0.100351
660000 0.113136
670000 0.118177
680000 0.121531
690000 0.088036
700000 0.090876
710000 0.102435
720000 0.116548
730000 0.139371
740000 0.126657
750000 0.095028
760000 0.140639
770000 0.135506
780000 0.106801
790000 0.129748
800000 0.132638
810000 0.109926
820000 0.101855
830000 0.106548
840000 0.100247
850000 0.115829
860000 0.106633
870000 0.141502
880000 0.143893
890000 0.164809
900000 0.114238
910000 0.117920
920000 0.122996
930000 0.159665
940000 0.161615
950000 0.149205
960000 0.140354
970000 0.150993
980000 0.154195
990000 0.186438
1000000 0.141407
