0 0.000001
10000 0.002002
20000 0.004345
30000 0.007338
40000 0.009259
50000 0.012230
60000 0.014663
70000 0.017970
80000 0.023101
90000 0.026007
100000 0.026160
110000 0.030488
120000 0.033279
130000 0.035308
140000 0.038725
150000 0.040612
160000 0.043851
170000 0.045604
180000 0.048065
190000 0.052442
200000 0.058322
210000 0.057398
220000 0.058739
230000 0.060633
240000 0.062698
250000 0.067261
260000 0.071054
270000 0.075898
280000 0.080665
290000 0.082085
300000 0.085817
310000 0.085343
320000 0.086419
330000 0.088904
340000 0.093703
350000 0.096399
360000 0.101321
370000 0.115817
380000 0.112395
390000 0.118201
400000 0.116764
410000 0.126516
420000 0.125083
430000 0.132379
440000 0.128935
450000 0.133344
460000 0.134820
470000 0.140340
480000 0.140835
490000 0.144647
500000 0.146046
510000 0.151077
520000 0.150435
530000 0.172211
540000 0.160834
550000 0.156812
560000 0.161799
570000 0.169333
580000 0.174776
590000 0.176892
600000 0.174700
610000 0.175202
620000 0.179089
630000 0.186251
640000 0.184961
650000 0.189019
660000 0.193004
670000 0.198356
680000 0.200409
690000 0.202439
700000 0.214960
710000 0.216531
720000 0.227108
730000 0.243681
740000 0.233924
750000 0.235839
760000 0.244409
770000 0.252506
780000 0.248997
790000 0.256747
800000 0.271360
810000 0.271401
820000 0.277708
830000 0.294978
840000 0.281561
850000 0.279067
860000 0.281405
870000 0.290020
880000 0.288814
890000 0.298652
900000 0.305347
910000 0.307419
920000 0.311280
930000 0.316797
940000 0.315928
950000 0.314145
960000 0.322983
970000 0.317514
980000 0.353975
990000 0.352554
1000000 0.358238
