0 0.000007
10000 0.001410
20000 0.002834
30000 0.004362
40000 0.006259
50000 0.008064
60000 0.009611
70000 0.011380
80000 0.012965
90000 0.014976
100000 0.016126
110000 0.017900
120000 0.020289
130000 0.022479
140000 0.025398
150000 0.026545
160000 0.028935
170000 0.029894
180000 0.031916
190000 0.034782
200000 0.035249
210000 0.038249
220000 0.038171
230000 0.039633
240000 0.040972
250000 0.042899
260000 0.044632
270000 0.048648
280000 0.050681
290000 0.051070
300000 0.053581
310000 0.054392
320000 0.056543
330000 0.059729
340000 0.060968
350000 0.062189
360000 0.064796
370000 0.065932
380000 0.067345
390000 0.069902
400000 0.070626
410000 0.072655
420000 0.075393
430000 0.076048
440000 0.078471
450000 0.080278
460000 0.083106
470000 0.084261
480000 0.085852
490000 0.086792
500000 0.090040
510000 0.092628
520000 0.093665
530000 0.097437
540000 0.101480
550000 0.110116
560000 0.106556
570000 0.108880
580000 0.108322
590000 0.109435
600000 0.111359
610000 0.112631
620000 0.114437
630000 0.118601
640000 0.120494
650000 0.123827
660000 0.124503
670000 0.127029
680000 0.128158
690000 0.132659
700000 0.132000
710000 0.134316
720000 0.136108
730000 0.138755
740000 0.139752
750000 0.139360
760000 0.143458
770000 0.146782
780000 0.150986
790000 0.149151
800000 0.161864
810000 0.160015
820000 0.163425
830000 0.161142
840000 0.167154
850000 0.186936
860000 0.180345
870000 0.175890
880000 0.195788
890000 0.183521
900000 0.190496
910000 0.180251
920000 0.181489
930000 0.186972
940000 0.194687
950000 0.206917
960000 0.212780
970000 0.201685
980000 0.219612
990000 0.207221
1000000 0.221927
