0 0.000015
10000 0.000256
20000 0.000547
30000 0.000748
40000 0.001018
50000 0.001217
60000 0.001586
70000 0.001642
80000 0.002075
90000 0.002109
100000 0.002367
110000 0.002653
120000 0.002750
130000 0.003110
140000 0.003271
150000 0.003546
160000 0.003943
170000 0.003959
180000 0.004140
190000 0.004487
200000 0.004687
210000 0.004935
220000 0.005213
230000 0.005590
240000 0.005530
250000 0.005751
260000 0.005965
270000 0.006258
280000 0.006588
290000 0.006648
300000 0.006908
310000 0.007039
320000 0.007328
330000 0.007625
340000 0.007844
350000 0.008031
360000 0.008350
370000 0.008314
380000 0.008763
390000 0.008987
400000 0.009135
410000 0.009371
420000 0.009625
430000 0.009785
440000 0.009927
450000 0.010332
460000 0.010471
470000 0.010678
480000 0.010740
490000 0.011274
500000 0.011508
510000 0.011370
520000 0.012335
530000 0.012725
540000 0.012771
550000 0.012866
560000 0.012683
570000 0.013261
580000 0.013374
590000 0.013442
600000 0.014402
610000 0.014224
620000 0.014614
630000 0.014319
640000 0.014733
650000 0.015242
660000 0.015530
670000 0.016151
680000 0.016363
690000 0.016232
700000 0.016449
710000 0.016910
720000 0.016496
730000 0.017024
740000 0.017183
750000 0.017255
760000 0.018040
770000 0.018360
780000 0.018413
790000 0.018505
800000 0.018875
810000 0.019287
820000 0.019541
830000 0.022447
840000 0.020350
850000 0.019995
860000 0.022208
870000 0.020926
880000 0.020491
890000 0.021187
900000 0.020990
910000 0.021845
920000 0.021801
930000 0.022356
940000 0.023375
950000 0.022934
960000 0.022699
970000 0.022680
980000 0.023603
990000 0.023768
1000000 0.024033
