0 0.000002
10000 0.001290
20000 0.002851
30000 0.004338
40000 0.005976
50000 0.007594
60000 0.009487
70000 0.010955
80000 0.011932
90000 0.013962
100000 0.017992
110000 0.017486
120000 0.019183
130000 0.020978
140000 0.025399
150000 0.024702
160000 0.025274
170000 0.027269
180000 0.029664
190000 0.031793
200000 0.037940
210000 0.034800
220000 0.037480
230000 0.041206
240000 0.043352
250000 0.046989
260000 0.050052
270000 0.053508
280000 0.052455
290000 0.059813
300000 0.064355
310000 0.061500
320000 0.059720
330000 0.060863
340000 0.071809
350000 0.067663
360000 0.067237
370000 0.075076
380000 0.093088
390000 0.078231
400000 0.086444
410000 0.082932
420000 0.093221
430000 0.095489
440000 0.096352
450000 0.098622
460000 0.099941
470000 0.112935
480000 0.101003
490000 0.102109
500000 0.100624
510000 0.102027
520000 0.102756
530000 0.104817
540000 0.100449
550000 0.103371
560000 0.108332
570000 0.108452
580000 0.109510
590000 0.109403
600000 0.110244
610000 0.112439
620000 0.115465
630000 0.118424
640000 0.118780
650000 0.120825
660000 0.122657
670000 0.124673
680000 0.130198
690000 0.134222
700000 0.132855
710000 0.133537
720000 0.134879
730000 0.145511
740000 0.152695
750000 0.166858
760000 0.157044
770000 0.152249
780000 0.152937
790000 0.151667
800000 0.154660
810000 0.154839
820000 0.165326
830000 0.159620
840000 0.161348
850000 0.162143
860000 0.164237
870000 0.167864
880000 0.168858
890000 0.177928
900000 0.170363
910000 0.182533
920000 0.182211
930000 0.185069
940000 0.187987
950000 0.225017
960000 0.187001
970000 0.186111
980000 0.192934
990000 0.192103
1000000 0.195824
