0 0.000003
10000 0.001554
20000 0.002634
30000 0.004321
40000 0.005280
50000 0.006729
60000 0.008192
70000 0.009680
80000 0.011504
90000 0.012139
100000 0.016070
110000 0.015579
120000 0.017159
130000 0.018497
140000 0.020983
150000 0.020758
160000 0.024316
170000 0.025183
180000 0.030595
190000 0.028307
200000 0.040041
210000 0.034876
220000 0.036195
230000 0.037488
240000 0.039422
250000 0.042085
260000 0.039947
270000 0.066030
280000 0.074428
290000 0.052143
300000 0.050850
310000 0.068352
320000 0.054407
330000 0.080211
340000 0.084095
350000 0.063961
360000 0.065945
370000 0.067082
380000 0.073266
390000 0.071732
400000 0.075423
410000 0.072333
420000 0.076764
430000 0.097538
440000 0.104174
450000 0.122347
460000 0.120352
470000 0.093843
480000 0.100808
490000 0.106989
500000 0.108771
510000 0.102584
520000 0.104108
530000 0.108428
540000 0.137838
550000 0.146063
560000 0.142422
570000 0.125760
580000 0.119842
590000 0.115969
600000 0.127997
610000 0.141138
620000 0.132067
630000 0.166878
640000 0.181401
650000 0.190483
660000 0.189728
670000 0.197229
680000 0.205582
690000 0.208489
700000 0.213335
710000 0.218888
720000 0.222000
730000 0.232111
740000 0.233135
750000 0.234868
760000 0.239299
770000 0.244826
780000 0.246786
790000 0.257889
800000 0.269740
810000 0.260893
820000 0.275211
830000 0.272295
840000 0.273251
850000 0.288452
860000 0.285471
870000 0.295441
880000 0.241795
890000 0.241209
900000 0.238364
910000 0.300520
920000 0.260451
930000 0.249141
940000 0.255983
950000 0.265729
960000 0.252424
970000 0.294764
980000 0.271048
990000 0.346831
1000000 0.301304
