0 0.000001
10000 0.001523
20000 0.003352
30000 0.005298
40000 0.006756
50000 0.008961
60000 0.010668
70000 0.012301
80000 0.014353
90000 0.016727
100000 0.018711
110000 0.020669
120000 0.023712
130000 0.024014
140000 0.026236
150000 0.027640
160000 0.030438
170000 0.034946
180000 0.035270
190000 0.036944
200000 0.042029
210000 0.042884
220000 0.048845
230000 0.046935
240000 0.051371
250000 0.056204
260000 0.066874
270000 0.056283
280000 0.057238
290000 0.061602
300000 0.058886
310000 0.060618
320000 0.062773
330000 0.066095
340000 0.071786
350000 0.080105
360000 0.086433
370000 0.081955
380000 0.089850
390000 0.088100
400000 0.085479
410000 0.091650
420000 0.099917
430000 0.117114
440000 0.115476
450000 0.105037
460000 0.113768
470000 0.112609
480000 0.116626
490000 0.113487
500000 0.113103
510000 0.116901
520000 0.128632
530000 0.114965
540000 0.130176
550000 0.121329
560000 0.126438
570000 0.127140
580000 0.140287
590000 0.132656
600000 0.137937
610000 0.156806
620000 0.147982
630000 0.150239
640000 0.159704
650000 0.155558
660000 0.166871
670000 0.158838
680000 0.164022
690000 0.164849
700000 0.184847
710000 0.179462
720000 0.179699
730000 0.179958
740000 0.196109
750000 0.194010
760000 0.188873
770000 0.192374
780000 0.201902
790000 0.190507
800000 0.186633
810000 0.178355
820000 0.187210
830000 0.200453
840000 0.190082
850000 0.204212
860000 0.211486
870000 0.203033
880000 0.215852
890000 0.202375
900000 0.202201
910000 0.198459
920000 0.204308
930000 0.203441
940000 0.212102
950000 0.227135
960000 0.215157
970000 0.234384
980000 0.238878
990000 0.251433
1000000 0.222846
