0 0.000001
10000 0.001239
20000 0.002790
30000 0.004036
40000 0.005204
50000 0.006475
60000 0.007987
70000 0.009255
80000 0.011169
90000 0.011751
100000 0.015958
110000 0.016252
120000 0.018048
130000 0.018310
140000 0.020127
150000 0.020639
160000 0.024817
170000 0.024559
180000 0.027988
190000 0.027045
200000 0.032671
210000 0.032279
220000 0.035563
230000 0.037325
240000 0.039028
250000 0.039314
260000 0.047837
270000 0.045137
280000 0.047239
290000 0.068009
300000 0.054470
310000 0.080667
320000 0.075918
330000 0.057175
340000 0.061279
350000 0.101620
360000 0.091660
370000 0.065755
380000 0.070794
390000 0.072809
400000 0.071709
410000 0.075932
420000 0.084777
430000 0.081195
440000 0.083978
450000 0.085107
460000 0.098088
470000 0.107524
480000 0.116803
490000 0.094756
500000 0.114944
510000 0.098524
520000 0.110436
530000 0.110097
540000 0.106560
550000 0.129239
560000 0.110676
570000 0.111718
580000 0.143975
590000 0.125833
600000 0.129383
610000 0.126290
620000 0.162337
630000 0.162548
640000 0.142232
650000 0.136862
660000 0.140768
670000 0.175317
680000 0.150036
690000 0.150763
700000 0.179348
710000 0.160776
720000 0.157649
730000 0.164835
740000 0.166047
750000 0.172434
760000 0.186024
770000 0.209296
780000 0.177473
790000 0.181899
800000 0.192964
810000 0.209143
820000 0.195947
830000 0.225746
840000 0.229173
850000 0.248212
860000 0.213026
870000 0.229574
880000 0.236639
890000 0.252218
900000 0.234569
910000 0.246877
920000 0.251768
930000 0.225906
940000 0.238195
950000 0.221877
960000 0.248849
970000 0.241592
980000 0.232327
990000 0.239175
1000000 0.244085
