0 0.000004
10000 0.002650
20000 0.004911
30000 0.006824
40000 0.009102
50000 0.011273
60000 0.013848
70000 0.015918
80000 0.017541
90000 0.020394
100000 0.023277
110000 0.025470
120000 0.028239
130000 0.029948
140000 0.029876
150000 0.033211
160000 0.040133
170000 0.044395
180000 0.041504
190000 0.046044
200000 0.045338
210000 0.047528
220000 0.049638
230000 0.050761
240000 0.053561
250000 0.056517
260000 0.062628
270000 0.063066
280000 0.067250
290000 0.068211
300000 0.073034
310000 0.074695
320000 0.082654
330000 0.089640
340000 0.085409
350000 0.080598
360000 0.086137
370000 0.082558
380000 0.083410
390000 0.092214
400000 0.089191
410000 0.096528
420000 0.093603
430000 0.094508
440000 0.100240
450000 0.106705
460000 0.115167
470000 0.115135
480000 0.115695
490000 0.120500
500000 0.120586
510000 0.117761
520000 0.124708
530000 0.122359
540000 0.124788
550000 0.138370
560000 0.129358
570000 0.129604
580000 0.125619
590000 0.129579
600000 0.146628
610000 0.137981
620000 0.137602
630000 0.135237
640000 0.142792
650000 0.144696
660000 0.147950
670000 0.148637
680000 0.156299
690000 0.155026
700000 0.165053
710000 0.177652
720000 0.163317
730000 0.172126
740000 0.168165
750000 0.176025
760000 0.191091
770000 0.199425
780000 0.185744
790000 0.185890
800000 0.186193
810000 0.193876
820000 0.197047
830000 0.201788
840000 0.211383
850000 0.188328
860000 0.197705
870000 0.211631
880000 0.212714
890000 0.211620
900000 0.219178
910000 0.229455
920000 0.232321
930000 0.213143
940000 0.220430
950000 0.227654
960000 0.218380
970000 0.232254
980000 0.235896
990000 0.237372
1000000 0.236081
