0 0.000007
10000 0.000271
20000 0.000461
30000 0.000756
40000 0.000989
50000 0.001189
60000 0.001631
70000 0.001881
80000 0.002202
90000 0.002656
100000 0.002445
110000 0.002759
120000 0.003872
130000 0.003668
140000 0.003461
150000 0.004145
160000 0.004131
170000 0.004176
180000 0.004466
190000 0.004513
200000 0.004991
210000 0.005030
220000 0.005436
230000 0.005876
240000 0.005627
250000 0.005773
260000 0.006079
270000 0.006573
280000 0.006656
290000 0.007391
300000 0.007054
310000 0.007233
320000 0.008386
330000 0.008243
340000 0.008544
350000 0.008671
360000 0.008554
370000 0.008888
380000 0.009057
390000 0.009360
400000 0.009300
410000 0.010037
420000 0.009703
430000 0.009910
440000 0.010731
450000 0.010546
460000 0.011364
470000 0.011510
480000 0.012569
490000 0.012453
500000 0.012034
510000 0.013292
520000 0.012659
530000 0.012708
540000 0.013067
550000 0.013621
560000 0.013430
570000 0.014474
580000 0.014548
590000 0.014200
600000 0.014614
610000 0.015649
620000 0.015062
630000 0.015346
640000 0.015607
650000 0.015248
660000 0.017154
670000 0.016472
680000 0.016917
690000 0.016839
700000 0.016525
710000 0.017806
720000 0.016604
730000 0.017527
740000 0.017941
750000 0.018280
760000 0.019825
770000 0.019692
780000 0.019862
790000 0.019995
800000 0.019435
810000 0.021270
820000 0.019368
830000 0.020179
840000 0.021216
850000 0.020738
860000 0.021000
870000 0.022024
880000 0.021946
890000 0.021344
900000 0.022345
910000 0.023394
920000 0.023421
930000 0.023961
940000 0.024261
950000 0.023658
960000 0.024280
970000 0.023940
980000 0.025297
990000 0.025837
1000000 0.026314
