0 0.000020
10000 0.000269
20000 0.000453
30000 0.000727
40000 0.000946
50000 0.001226
60000 0.001481
70000 0.001775
80000 0.002144
90000 0.002042
100000 0.002240
110000 0.002649
120000 0.002719
130000 0.002908
140000 0.003242
150000 0.003824
160000 0.003971
170000 0.004118
180000 0.004340
190000 0.004883
200000 0.005011
210000 0.005185
220000 0.005578
230000 0.005494
240000 0.006188
250000 0.007028
260000 0.006602
270000 0.008119
280000 0.007166
290000 0.008305
300000 0.007378
310000 0.008954
320000 0.008211
330000 0.008132
340000 0.008550
350000 0.011061
360000 0.008947
370000 0.009317
380000 0.010191
390000 0.009543
400000 0.009621
410000 0.010779
420000 0.011325
430000 0.010992
440000 0.011325
450000 0.011829
460000 0.012219
470000 0.012413
480000 0.010749
490000 0.013308
500000 0.011303
510000 0.013414
520000 0.012995
530000 0.012916
540000 0.015747
550000 0.014280
560000 0.014790
570000 0.013608
580000 0.014418
590000 0.014110
600000 0.014179
610000 0.014873
620000 0.014801
630000 0.015027
640000 0.017764
650000 0.017648
660000 0.016737
670000 0.016429
680000 0.016463
690000 0.020584
700000 0.019520
710000 0.017689
720000 0.017836
730000 0.018430
740000 0.016944
750000 0.017312
760000 0.019941
770000 0.020626
780000 0.021978
790000 0.024532
800000 0.022733
810000 0.022542
820000 0.020341
830000 0.023224
840000 0.021512
850000 0.021954
860000 0.023672
870000 0.024140
880000 0.022182
890000 0.022681
900000 0.025016
910000 0.022295
920000 0.022702
930000 0.022997
940000 0.026052
950000 0.029359
960000 0.025514
970000 0.024586
980000 0.026397
990000 0.039387
1000000 0.024516
