0 0.000001
10000 0.001394
20000 0.002690
30000 0.004363
40000 0.005322
50000 0.006941
60000 0.008220
70000 0.009778
80000 0.011706
90000 0.013096
100000 0.014397
110000 0.016280
120000 0.018414
130000 0.019880
140000 0.021543
150000 0.022677
160000 0.024387
170000 0.026141
180000 0.027919
190000 0.029268
200000 0.031304
210000 0.032594
220000 0.034788
230000 0.035669
240000 0.037701
250000 0.040412
260000 0.041413
270000 0.042418
280000 0.044956
290000 0.046895
300000 0.048008
310000 0.051981
320000 0.055026
330000 0.053705
340000 0.055972
350000 0.061879
360000 0.068340
370000 0.063552
380000 0.066715
390000 0.068649
400000 0.067120
410000 0.072431
420000 0.074257
430000 0.094522
440000 0.079359
450000 0.078770
460000 0.088285
470000 0.079560
480000 0.080949
490000 0.090916
500000 0.092372
510000 0.102553
520000 0.100766
530000 0.097114
540000 0.095617
550000 0.098314
560000 0.100089
570000 0.103149
580000 0.101537
590000 0.104123
600000 0.103793
610000 0.105881
620000 0.107658
630000 0.115225
640000 0.126898
650000 0.136921
660000 0.129686
670000 0.119869
680000 0.124001
690000 0.122581
700000 0.122873
710000 0.125537
720000 0.141285
730000 0.125982
740000 0.132705
750000 0.132677
760000 0.134272
770000 0.139768
780000 0.137948
790000 0.140774
800000 0.141008
810000 0.145038
820000 0.144620
830000 0.147613
840000 0.147486
850000 0.147858
860000 0.152133
870000 0.153696
880000 0.154725
890000 0.155326
900000 0.159574
910000 0.158165
920000 0.157547
930000 0.161586
940000 0.164061
950000 0.168715
960000 0.167751
970000 0.170797
980000 0.173696
990000 0.176682
1000000 0.174755
