0 0.000001
10000 0.001849
20000 0.003144
30000 0.005013
40000 0.006641
50000 0.008334
60000 0.011136
70000 0.012576
80000 0.014392
90000 0.016299
100000 0.018467
110000 0.020387
120000 0.022215
130000 0.025078
140000 0.026848
150000 0.027423
160000 0.031624
170000 0.033183
180000 0.036868
190000 0.046698
200000 0.046148
210000 0.042472
220000 0.044098
230000 0.047929
240000 0.047810
250000 0.050470
260000 0.053438
270000 0.055176
280000 0.055652
290000 0.059085
300000 0.064497
310000 0.074827
320000 0.067652
330000 0.071585
340000 0.076685
350000 0.079313
360000 0.074066
370000 0.082033
380000 0.086871
390000 0.092951
400000 0.097144
410000 0.103140
420000 0.103552
430000 0.113432
440000 0.109631
450000 0.100127
460000 0.102244
470000 0.108305
480000 0.111947
490000 0.106765
500000 0.124981
510000 0.123551
520000 0.117186
530000 0.109827
540000 0.109900
550000 0.111996
560000 0.111840
570000 0.114389
580000 0.115971
590000 0.117855
600000 0.117482
610000 0.121080
620000 0.134918
630000 0.130006
640000 0.125353
650000 0.125107
660000 0.126771
670000 0.129758
680000 0.132520
690000 0.133621
700000 0.135257
710000 0.137564
720000 0.139117
730000 0.144197
740000 0.143231
750000 0.145548
760000 0.150114
770000 0.154551
780000 0.155908
790000 0.169030
800000 0.165289
810000 0.161659
820000 0.164697
830000 0.165539
840000 0.169916
850000 0.169921
860000 0.172951
870000 0.175586
880000 0.179237
890000 0.180713
900000 0.182979
910000 0.185682
920000 0.187203
930000 0.188548
940000 0.192339
950000 0.195428
960000 0.194000
970000 0.199090
980000 0.196439
990000 0.204311
1000000 0.205721
