0 0.000002
10000 0.001776
20000 0.003402
30000 0.005230
40000 0.006733
50000 0.008441
60000 0.010247
70000 0.012891
80000 0.014435
90000 0.016712
100000 0.018512
110000 0.020358
120000 0.023058
130000 0.023402
140000 0.026162
150000 0.028426
160000 0.030410
170000 0.033191
180000 0.034738
190000 0.036788
200000 0.039179
210000 0.041572
220000 0.043149
230000 0.046405
240000 0.046734
250000 0.050042
260000 0.050815
270000 0.053851
280000 0.056780
290000 0.058262
300000 0.057971
310000 0.060838
320000 0.061602
330000 0.066704
340000 0.066162
350000 0.068213
360000 0.069461
370000 0.073568
380000 0.073461
390000 0.078894
400000 0.079542
410000 0.080703
420000 0.083894
430000 0.085840
440000 0.088424
450000 0.090608
460000 0.092637
470000 0.097001
480000 0.098448
490000 0.101861
500000 0.102580
510000 0.105003
520000 0.107952
530000 0.109978
540000 0.111845
550000 0.114240
560000 0.115838
570000 0.118339
580000 0.120402
590000 0.119870
600000 0.121201
610000 0.129220
620000 0.125467
630000 0.127270
640000 0.138843
650000 0.141087
660000 0.141480
670000 0.145461
680000 0.140713
690000 0.137358
700000 0.143195
710000 0.145187
720000 0.148349
730000 0.153078
740000 0.156090
750000 0.153176
760000 0.153117
770000 0.157670
780000 0.165443
790000 0.164687
800000 0.171966
810000 0.180883
820000 0.180163
830000 0.182272
840000 0.186664
850000 0.187512
860000 0.180585
870000 0.176811
880000 0.179150
890000 0.179027
900000 0.182194
910000 0.182472
920000 0.184856
930000 0.188025
940000 0.188721
950000 0.192697
960000 0.193319
970000 0.196660
980000 0.197737
990000 0.207333
1000000 0.212143
