0 0.000002
10000 0.001536
20000 0.003154
30000 0.004645
40000 0.006064
50000 0.007769
60000 0.009592
70000 0.012048
80000 0.013603
90000 0.014793
100000 0.017486
110000 0.018722
120000 0.020902
130000 0.022435
140000 0.024169
150000 0.025468
160000 0.028350
170000 0.030264
180000 0.030828
190000 0.033456
200000 0.036660
210000 0.038618
220000 0.040120
230000 0.043102
240000 0.044284
250000 0.046592
260000 0.049826
270000 0.053779
280000 0.057422
290000 0.064982
300000 0.063145
310000 0.066582
320000 0.070854
330000 0.072523
340000 0.067287
350000 0.071799
360000 0.073420
370000 0.074979
380000 0.075487
390000 0.074908
400000 0.078666
410000 0.079151
420000 0.080135
430000 0.083095
440000 0.084615
450000 0.088124
460000 0.093160
470000 0.091735
480000 0.096332
490000 0.095727
500000 0.098236
510000 0.100991
520000 0.099932
530000 0.106220
540000 0.105566
550000 0.108348
560000 0.111070
570000 0.110489
580000 0.112754
590000 0.115152
600000 0.116685
610000 0.119773
620000 0.119266
630000 0.121512
640000 0.122294
650000 0.122743
660000 0.128688
670000 0.129743
680000 0.129720
690000 0.130622
700000 0.131938
710000 0.133457
720000 0.143850
730000 0.146286
740000 0.148560
750000 0.146052
760000 0.152786
770000 0.156783
780000 0.154231
790000 0.160165
800000 0.155289
810000 0.163694
820000 0.155208
830000 0.157484
840000 0.163063
850000 0.166204
860000 0.165634
870000 0.167938
880000 0.168889
890000 0.170732
900000 0.170664
910000 0.173694
920000 0.181052
930000 0.181759
940000 0.179271
950000 0.182038
960000 0.188213
970000 0.187864
980000 0.187946
990000 0.192315
1000000 0.201631
