0 0.000001
10000 0.000354
20000 0.000576
30000 0.000806
40000 0.001023
50000 0.001300
60000 0.001672
70000 0.001957
80000 0.002005
90000 0.002117
100000 0.002650
110000 0.002812
120000 0.003135
130000 0.003068
140000 0.003552
150000 0.003685
160000 0.003747
170000 0.004087
180000 0.004228
190000 0.004897
200000 0.005294
210000 0.005384
220000 0.005689
230000 0.005496
240000 0.005968
250000 0.005861
260000 0.005835
270000 0.006145
280000 0.006216
290000 0.006774
300000 0.006623
310000 0.006863
320000 0.007000
330000 0.007246
340000 0.007618
350000 0.007664
360000 0.008123
370000 0.008267
380000 0.008619
390000 0.008796
400000 0.008775
410000 0.010538
420000 0.010328
430000 0.010132
440000 0.010124
450000 0.010371
460000 0.010494
470000 0.010355
480000 0.010520
490000 0.010885
500000 0.011244
510000 0.011403
520000 0.011807
530000 0.012143
540000 0.012607
550000 0.012451
560000 0.012410
570000 0.013039
580000 0.012840
590000 0.013098
600000 0.013753
610000 0.013817
620000 0.014254
630000 0.014004
640000 0.014101
650000 0.015262
660000 0.015021
670000 0.016640
680000 0.015993
690000 0.016136
700000 0.016146
710000 0.016871
720000 0.016636
730000 0.017230
740000 0.017113
750000 0.016890
760000 0.017254
770000 0.017960
780000 0.018039
790000 0.018535
800000 0.018236
810000 0.018812
820000 0.019389
830000 0.019147
840000 0.019367
850000 0.019236
860000 0.019738
870000 0.019794
880000 0.020193
890000 0.020091
900000 0.020643
910000 0.021095
920000 0.021265
930000 0.021624
940000 0.021721
950000 0.021919
960000 0.021671
970000 0.022107
980000 0.022445
990000 0.022705
1000000 0.023317
