0 0.000008
10000 0.000252
20000 0.000526
30000 0.000794
40000 0.000995
50000 0.001191
60000 0.001598
70000 0.001724
80000 0.002085
90000 0.002315
100000 0.002502
110000 0.002673
120000 0.002902
130000 0.003158
140000 0.003376
150000 0.003757
160000 0.003884
170000 0.004065
180000 0.004982
190000 0.004769
200000 0.005332
210000 0.005459
220000 0.005445
230000 0.005540
240000 0.005995
250000 0.006815
260000 0.006507
270000 0.007068
280000 0.007010
290000 0.007313
300000 0.007278
310000 0.007765
320000 0.007641
330000 0.007815
340000 0.009423
350000 0.009271
360000 0.009997
370000 0.009577
380000 0.010229
390000 0.010609
400000 0.010284
410000 0.011261
420000 0.010705
430000 0.011547
440000 0.011504
450000 0.011171
460000 0.012820
470000 0.011057
480000 0.011610
490000 0.012219
500000 0.013979
510000 0.013113
520000 0.012505
530000 0.012530
540000 0.013176
550000 0.013928
560000 0.013724
570000 0.014596
580000 0.013631
590000 0.014128
600000 0.015462
610000 0.015268
620000 0.015200
630000 0.015528
640000 0.015357
650000 0.015825
660000 0.016014
670000 0.016375
680000 0.016719
690000 0.016557
700000 0.017046
710000 0.017753
720000 0.017966
730000 0.019235
740000 0.018638
750000 0.017984
760000 0.018606
770000 0.018698
780000 0.019071
790000 0.019356
800000 0.018770
810000 0.019036
820000 0.019968
830000 0.020300
840000 0.021010
850000 0.020317
860000 0.020238
870000 0.021021
880000 0.021468
890000 0.021737
900000 0.021849
910000 0.023750
920000 0.022004
930000 0.023521
940000 0.022593
950000 0.024224
960000 0.023834
970000 0.023968
980000 0.024392
990000 0.024594
1000000 0.025105
