0 0.000010
10000 0.000269
20000 0.000471
30000 0.000748
40000 0.000930
50000 0.001216
60000 0.001462
70000 0.001740
80000 0.001930
90000 0.002228
100000 0.002623
110000 0.002824
120000 0.003005
130000 0.003276
140000 0.003452
150000 0.003586
160000 0.004406
170000 0.004432
180000 0.004475
190000 0.005254
200000 0.005213
210000 0.006076
220000 0.006344
230000 0.007350
240000 0.006683
250000 0.006654
260000 0.007717
270000 0.007128
280000 0.007139
290000 0.007294
300000 0.007473
310000 0.008313
320000 0.008556
330000 0.008595
340000 0.008777
350000 0.009194
360000 0.009256
370000 0.011046
380000 0.011079
390000 0.012590
400000 0.013401
410000 0.011833
420000 0.011930
430000 0.011269
440000 0.015116
450000 0.014486
460000 0.012740
470000 0.012830
480000 0.013966
490000 0.014032
500000 0.014133
510000 0.014147
520000 0.013427
530000 0.014403
540000 0.014615
550000 0.014715
560000 0.014503
570000 0.016150
580000 0.015013
590000 0.015102
600000 0.016267
610000 0.015934
620000 0.017374
630000 0.016102
640000 0.016055
650000 0.016173
660000 0.016957
670000 0.016485
680000 0.016838
690000 0.017535
700000 0.017371
710000 0.018450
720000 0.017033
730000 0.017829
740000 0.017593
750000 0.018010
760000 0.019209
770000 0.019423
780000 0.019652
790000 0.019298
800000 0.019450
810000 0.020180
820000 0.020725
830000 0.021140
840000 0.021618
850000 0.020165
860000 0.020928
870000 0.023275
880000 0.022933
890000 0.021715
900000 0.021934
910000 0.022173
920000 0.023227
930000 0.023254
940000 0.024166
950000 0.024783
960000 0.025510
970000 0.029992
980000 0.027817
990000 0.029068
1000000 0.031583
