0 0.000001
10000 0.001153
20000 0.002746
30000 0.004943
40000 0.006356
50000 0.007933
60000 0.009439
70000 0.011195
80000 0.014696
90000 0.018132
100000 0.017604
110000 0.017673
120000 0.019900
130000 0.023231
140000 0.025081
150000 0.026464
160000 0.029692
170000 0.032023
180000 0.032912
190000 0.031953
200000 0.034021
210000 0.036092
220000 0.041830
230000 0.044525
240000 0.045804
250000 0.046553
260000 0.048905
270000 0.050343
280000 0.054829
290000 0.054846
300000 0.056415
310000 0.057977
320000 0.058148
330000 0.062365
340000 0.063168
350000 0.064808
360000 0.066578
370000 0.070232
380000 0.069769
390000 0.072596
400000 0.075302
410000 0.077601
420000 0.080522
430000 0.080017
440000 0.082958
450000 0.084837
460000 0.088898
470000 0.088653
480000 0.091117
490000 0.095689
500000 0.097185
510000 0.096506
520000 0.099711
530000 0.101811
540000 0.100624
550000 0.102581
560000 0.104930
570000 0.106857
580000 0.108307
590000 0.114990
600000 0.120717
610000 0.114770
620000 0.117402
630000 0.118979
640000 0.116012
650000 0.120626
660000 0.120788
670000 0.129438
680000 0.132908
690000 0.132310
700000 0.137352
710000 0.138285
720000 0.139328
730000 0.142699
740000 0.142488
750000 0.151986
760000 0.158410
770000 0.149234
780000 0.153304
790000 0.157306
800000 0.163059
810000 0.165651
820000 0.169367
830000 0.176533
840000 0.177647
850000 0.190381
860000 0.183173
870000 0.187522
880000 0.196382
890000 0.207782
900000 0.192230
910000 0.191800
920000 0.194382
930000 0.200545
940000 0.193371
950000 0.207811
960000 0.213251
970000 0.206317
980000 0.209546
990000 0.219355
1000000 0.212488
