0 0.000001
10000 0.002107
20000 0.004227
30000 0.006570
40000 0.008970
50000 0.011525
60000 0.014192
70000 0.018260
80000 0.022068
90000 0.030228
100000 0.026895
110000 0.028347
120000 0.036185
130000 0.037141
140000 0.042773
150000 0.062841
160000 0.045942
170000 0.053951
180000 0.050891
190000 0.065181
200000 0.058310
210000 0.061235
220000 0.067627
230000 0.064289
240000 0.073138
250000 0.069873
260000 0.075816
270000 0.084144
280000 0.076620
290000 0.083651
300000 0.084698
310000 0.087356
320000 0.091605
330000 0.100133
340000 0.122683
350000 0.112386
360000 0.109628
370000 0.119145
380000 0.114467
390000 0.121609
400000 0.123133
410000 0.122070
420000 0.127439
430000 0.128994
440000 0.141229
450000 0.141737
460000 0.145518
470000 0.152168
480000 0.147637
490000 0.146696
500000 0.158562
510000 0.156217
520000 0.161340
530000 0.166266
540000 0.163979
550000 0.165047
560000 0.179931
570000 0.193739
580000 0.192256
590000 0.185734
600000 0.190210
610000 0.192695
620000 0.198613
630000 0.202471
640000 0.196762
650000 0.213738
660000 0.205809
670000 0.204423
680000 0.210927
690000 0.216826
700000 0.216004
710000 0.220167
720000 0.235309
730000 0.223590
740000 0.234841
750000 0.244132
760000 0.292972
770000 0.263717
780000 0.241642
790000 0.253952
800000 0.261374
810000 0.275922
820000 0.280906
830000 0.281354
840000 0.280399
850000 0.284346
860000 0.277455
870000 0.277971
880000 0.280017
890000 0.296353
900000 0.293620
910000 0.312023
920000 0.315646
930000 0.306429
940000 0.310047
950000 0.317098
960000 0.323811
970000 0.322827
980000 0.316022
990000 0.329584
1000000 0.338155
