0 0.000028
10000 0.001736
20000 0.003268
30000 0.005109
40000 0.006282
50000 0.007748
60000 0.009441
70000 0.010498
80000 0.013395
90000 0.014384
100000 0.015748
110000 0.017911
120000 0.019542
130000 0.021170
140000 0.021579
150000 0.025554
160000 0.027997
170000 0.028528
180000 0.027690
190000 0.028878
200000 0.031483
210000 0.034609
220000 0.036601
230000 0.037541
240000 0.039953
250000 0.042244
260000 0.042844
270000 0.043186
280000 0.045289
290000 0.047137
300000 0.048644
310000 0.048756
320000 0.049654
330000 0.053142
340000 0.054516
350000 0.056379
360000 0.059345
370000 0.063595
380000 0.062360
390000 0.064109
400000 0.064809
410000 0.066354
420000 0.073566
430000 0.071472
440000 0.072908
450000 0.072758
460000 0.075166
470000 0.073283
480000 0.076239
490000 0.078243
500000 0.080259
510000 0.080570
520000 0.093624
530000 0.084334
540000 0.085313
550000 0.087845
560000 0.088624
570000 0.090311
580000 0.094429
590000 0.099612
600000 0.098963
610000 0.099937
620000 0.106750
630000 0.109071
640000 0.111717
650000 0.110617
660000 0.116476
670000 0.114365
680000 0.112724
690000 0.118808
700000 0.118447
710000 0.122281
720000 0.118281
730000 0.118097
740000 0.118957
750000 0.120642
760000 0.121599
770000 0.124179
780000 0.132380
790000 0.124016
800000 0.127904
810000 0.133163
820000 0.139872
830000 0.137226
840000 0.140210
850000 0.138034
860000 0.133345
870000 0.139774
880000 0.136868
890000 0.141599
900000 0.157242
910000 0.155574
920000 0.148941
930000 0.152562
940000 0.151433
950000 0.151697
960000 0.151526
970000 0.151103
980000 0.159917
990000 0.160670
1000000 0.156225
