1 0.000001
2 0.000001
3 0.000002
4 0.000001
5 0.000002
6 0.000001
7 0.000002
8 0.000002
9 0.000002
10 0.000004
11 0.000002
12 0.000002
13 0.000004
14 0.000002
15 0.000002
16 0.000002
17 0.000002
18 0.000002
19 0.000002
20 0.000002
21 0.000002
22 0.000003
23 0.000003
24 0.000003
25 0.000003
26 0.000003
27 0.000003
28 0.000003
29 0.000003
30 0.000003
31 0.000003
32 0.000004
33 0.000004
34 0.000003
35 0.000003
36 0.000004
37 0.000004
38 0.000004
39 0.000004
40 0.000004
41 0.000004
42 0.000004
43 0.000005
44 0.000004
45 0.000005
46 0.000004
47 0.000004
48 0.000005
49 0.000005
50 0.000005
51 0.000005
52 0.000005
53 0.000005
54 0.000005
55 0.000005
56 0.000005
57 0.000005
58 0.000005
59 0.000006
60 0.000006
61 0.000005
62 0.000006
63 0.000006
64 0.000006
65 0.000006
66 0.000006
67 0.000006
68 0.000007
69 0.000007
70 0.000006
71 0.000007
72 0.000007
73 0.000006
74 0.000007
75 0.000007
76 0.000007
77 0.000007
78 0.000007
79 0.000007
80 0.000009
81 0.000007
82 0.000008
83 0.000008
84 0.000008
85 0.000007
86 0.000008
87 0.000007
88 0.000008
89 0.000007
90 0.000008
91 0.000008
92 0.000008
93 0.000008
94 0.000008
95 0.000010
96 0.000009
97 0.000009
98 0.000009
99 0.000008
100 0.000009
101 0.000009
102 0.000009
103 0.000009
104 0.000010
105 0.000009
106 0.000009
107 0.000010
108 0.000009
109 0.000010
110 0.000010
111 0.000010
112 0.000011
113 0.000010
114 0.000010
115 0.000011
116 0.000010
117 0.000010
118 0.000010
119 0.000011
120 0.000011
121 0.000011
122 0.000011
123 0.000012
124 0.000011
125 0.000011
126 0.000011
127 0.000011
128 0.000011
129 0.000011
130 0.000011
131 0.000011
132 0.000011
133 0.000012
134 0.000012
135 0.000012
136 0.000012
137 0.000012
138 0.000013
139 0.000012
140 0.000013
141 0.000012
142 0.000014
143 0.000014
144 0.000012
145 0.000013
146 0.000013
147 0.000013
148 0.000012
149 0.000013
150 0.000013
