1 0.000002
2 0.000001
3 0.000001
4 0.000001
5 0.000002
6 0.000002
7 0.000002
8 0.000002
9 0.000002
10 0.000002
11 0.000003
12 0.000002
13 0.000003
14 0.000003
15 0.000003
16 0.000003
17 0.000003
18 0.000003
19 0.000003
20 0.000003
21 0.000003
22 0.000003
23 0.000003
24 0.000003
25 0.000003
26 0.000003
27 0.000004
28 0.000003
29 0.000004
30 0.000004
31 0.000004
32 0.000005
33 0.000004
34 0.000004
35 0.000004
36 0.000005
37 0.000005
38 0.000004
39 0.000005
40 0.000005
41 0.000005
42 0.000005
43 0.000005
44 0.000006
45 0.000005
46 0.000006
47 0.000006
48 0.000005
49 0.000005
50 0.000006
51 0.000006
52 0.000006
53 0.000007
54 0.000007
55 0.000006
56 0.000006
57 0.000006
58 0.000006
59 0.000007
60 0.000007
61 0.000008
62 0.000007
63 0.000007
64 0.000007
65 0.000007
66 0.000008
67 0.000007
68 0.000008
69 0.000007
70 0.000009
71 0.000007
72 0.000007
73 0.000008
74 0.000009
75 0.000008
76 0.000008
77 0.000008
78 0.000008
79 0.000010
80 0.000008
81 0.000009
82 0.000010
83 0.000009
84 0.000009
85 0.000008
86 0.000010
87 0.000009
88 0.000010
89 0.000011
90 0.000009
91 0.000010
92 0.000008
93 0.000009
94 0.000009
95 0.000010
96 0.000010
97 0.000009
98 0.000014
99 0.000012
100 0.000011
101 0.000011
102 0.000011
103 0.000013
104 0.000010
105 0.000011
106 0.000010
107 0.000011
108 0.000011
109 0.000013
110 0.000011
111 0.000012
112 0.000011
113 0.000011
114 0.000011
115 0.000012
116 0.000013
117 0.000013
118 0.000013
119 0.000011
120 0.000013
121 0.000011
122 0.000013
123 0.000014
124 0.000014
125 0.000013
126 0.000014
127 0.000014
128 0.000012
129 0.000014
130 0.000012
131 0.000013
132 0.000013
133 0.000014
134 0.000015
135 0.000013
136 0.000014
137 0.000013
138 0.000015
139 0.000013
140 0.000014
141 0.000014
142 0.000016
143 0.000014
144 0.000015
145 0.000016
146 0.000014
147 0.000014
148 0.000015
149 0.000014
150 0.000017
