0 0.000001
10000 0.001152
20000 0.002775
30000 0.004413
40000 0.005790
50000 0.007315
60000 0.009219
70000 0.010929
80000 0.012641
90000 0.014996
100000 0.016072
110000 0.017948
120000 0.020057
130000 0.020901
140000 0.022854
150000 0.024921
160000 0.026426
170000 0.027634
180000 0.030352
190000 0.034040
200000 0.033499
210000 0.035930
220000 0.039528
230000 0.040330
240000 0.045088
250000 0.046257
260000 0.046040
270000 0.052394
280000 0.053756
290000 0.054038
300000 0.056200
310000 0.056321
320000 0.060527
330000 0.061918
340000 0.063359
350000 0.066013
360000 0.068435
370000 0.074261
380000 0.074103
390000 0.074872
400000 0.078180
410000 0.083028
420000 0.083629
430000 0.085212
440000 0.086154
450000 0.089191
460000 0.089668
470000 0.090999
480000 0.093216
490000 0.099748
500000 0.100540
510000 0.099893
520000 0.107251
530000 0.108908
540000 0.102618
550000 0.110527
560000 0.113493
570000 0.112776
580000 0.111353
590000 0.114650
600000 0.126056
610000 0.122483
620000 0.133727
630000 0.126613
640000 0.135436
650000 0.144490
660000 0.135444
670000 0.158338
680000 0.167289
690000 0.169680
700000 0.156866
710000 0.156099
720000 0.147437
730000 0.151480
740000 0.153080
750000 0.152860
760000 0.152331
770000 0.154516
780000 0.165928
790000 0.167856
800000 0.170039
810000 0.171789
820000 0.172892
830000 0.175814
840000 0.181804
850000 0.180402
860000 0.184009
870000 0.185042
880000 0.187856
890000 0.184620
900000 0.193333
910000 0.190090
920000 0.195494
930000 0.199498
940000 0.199063
950000 0.204892
960000 0.205821
970000 0.211920
980000 0.209885
990000 0.211312
1000000 0.215982
