0 0.000001
10000 0.001220
20000 0.002429
30000 0.003691
40000 0.005123
50000 0.006658
60000 0.007726
70000 0.009672
80000 0.011206
90000 0.012559
100000 0.014147
110000 0.015862
120000 0.017327
130000 0.018632
140000 0.019757
150000 0.021679
160000 0.023650
170000 0.024916
180000 0.026461
190000 0.026983
200000 0.029213
210000 0.029392
220000 0.031838
230000 0.034280
240000 0.038724
250000 0.037777
260000 0.041124
270000 0.041216
280000 0.042300
290000 0.047054
300000 0.047854
310000 0.049015
320000 0.053715
330000 0.055142
340000 0.054244
350000 0.057793
360000 0.056260
370000 0.067901
380000 0.064837
390000 0.061478
400000 0.066162
410000 0.064670
420000 0.067291
430000 0.068624
440000 0.068001
450000 0.070526
460000 0.071523
470000 0.072700
480000 0.074475
490000 0.078597
500000 0.078105
510000 0.082014
520000 0.080563
530000 0.084214
540000 0.085422
550000 0.087909
560000 0.089398
570000 0.094765
580000 0.092033
590000 0.101301
600000 0.104218
610000 0.101387
620000 0.104068
630000 0.109556
640000 0.105871
650000 0.101740
660000 0.106765
670000 0.110287
680000 0.107708
690000 0.109048
700000 0.112709
710000 0.113991
720000 0.118165
730000 0.118255
740000 0.120359
750000 0.119045
760000 0.121458
770000 0.126473
780000 0.124420
790000 0.129210
800000 0.129531
810000 0.129176
820000 0.125525
830000 0.129418
840000 0.131425
850000 0.135342
860000 0.135980
870000 0.140305
880000 0.140046
890000 0.141673
900000 0.147960
910000 0.144634
920000 0.145777
930000 0.150348
940000 0.153868
950000 0.155649
960000 0.156720
970000 0.157280
980000 0.159754
990000 0.157906
1000000 0.162045
