0 0.000001
10000 0.001194
20000 0.002426
30000 0.003819
40000 0.005133
50000 0.006790
60000 0.008403
70000 0.009506
80000 0.010931
90000 0.012524
100000 0.014862
110000 0.015526
120000 0.017058
130000 0.017623
140000 0.019671
150000 0.027772
160000 0.024825
170000 0.024322
180000 0.025738
190000 0.028161
200000 0.028815
210000 0.030134
220000 0.032828
230000 0.032589
240000 0.034000
250000 0.035499
260000 0.037633
270000 0.040140
280000 0.040079
290000 0.044809
300000 0.046204
310000 0.049804
320000 0.048255
330000 0.048901
340000 0.049571
350000 0.053210
360000 0.054082
370000 0.055882
380000 0.059489
390000 0.061331
400000 0.060250
410000 0.063309
420000 0.063106
430000 0.064799
440000 0.066724
450000 0.076466
460000 0.075008
470000 0.073737
480000 0.075481
490000 0.077762
500000 0.077592
510000 0.078150
520000 0.093423
530000 0.087393
540000 0.086833
550000 0.090269
560000 0.087994
570000 0.092455
580000 0.091140
590000 0.097001
600000 0.098436
610000 0.095758
620000 0.099694
630000 0.099755
640000 0.103540
650000 0.102601
660000 0.100392
670000 0.110195
680000 0.110869
690000 0.110876
700000 0.113670
710000 0.115870
720000 0.115262
730000 0.118502
740000 0.118969
750000 0.118600
760000 0.122198
770000 0.127010
780000 0.128080
790000 0.127430
800000 0.131914
810000 0.135683
820000 0.130623
830000 0.132580
840000 0.135918
850000 0.139620
860000 0.141883
870000 0.141768
880000 0.145848
890000 0.147887
900000 0.154479
910000 0.153782
920000 0.147607
930000 0.154911
940000 0.151034
950000 0.158813
960000 0.162474
970000 0.160854
980000 0.162108
990000 0.163129
1000000 0.168722
