0 0.000002
10000 0.001288
20000 0.002449
30000 0.003930
40000 0.005022
50000 0.006448
60000 0.007655
70000 0.009358
80000 0.010772
90000 0.012252
100000 0.013682
110000 0.015250
120000 0.017125
130000 0.019018
140000 0.019858
150000 0.021070
160000 0.021793
170000 0.025059
180000 0.026216
190000 0.028606
200000 0.030418
210000 0.031351
220000 0.032533
230000 0.035852
240000 0.036888
250000 0.038594
260000 0.040282
270000 0.041607
280000 0.042871
290000 0.044555
300000 0.045854
310000 0.047398
320000 0.049634
330000 0.051558
340000 0.052308
350000 0.054860
360000 0.056585
370000 0.058326
380000 0.061298
390000 0.059961
400000 0.061254
410000 0.065036
420000 0.066624
430000 0.067118
440000 0.067396
450000 0.073381
460000 0.076203
470000 0.073872
480000 0.076362
490000 0.078989
500000 0.079791
510000 0.086647
520000 0.082421
530000 0.093824
540000 0.093173
550000 0.090007
560000 0.094481
570000 0.094094
580000 0.107374
590000 0.097243
600000 0.098211
610000 0.101407
620000 0.104179
630000 0.103713
640000 0.105493
650000 0.104554
660000 0.103442
670000 0.109333
680000 0.106447
690000 0.108873
700000 0.111958
710000 0.114305
720000 0.115537
730000 0.116800
740000 0.113252
750000 0.117415
760000 0.115277
770000 0.117735
780000 0.118550
790000 0.126433
800000 0.121869
810000 0.122730
820000 0.129677
830000 0.134691
840000 0.138224
850000 0.138040
860000 0.140172
870000 0.144942
880000 0.145321
890000 0.147692
900000 0.149302
910000 0.151535
920000 0.154770
930000 0.159682
940000 0.157565
950000 0.162578
960000 0.157678
970000 0.155215
980000 0.160973
990000 0.157672
1000000 0.164458
