0 0.000001
10000 0.001252
20000 0.002501
30000 0.003974
40000 0.005284
50000 0.006833
60000 0.008206
70000 0.009728
80000 0.010991
90000 0.013025
100000 0.014430
110000 0.016157
120000 0.018334
130000 0.020116
140000 0.021807
150000 0.022440
160000 0.024416
170000 0.026510
180000 0.028282
190000 0.029784
200000 0.031693
210000 0.032095
220000 0.035158
230000 0.037573
240000 0.038578
250000 0.040073
260000 0.039529
270000 0.041912
280000 0.043269
290000 0.046006
300000 0.047230
310000 0.049423
320000 0.053940
330000 0.055417
340000 0.056222
350000 0.056399
360000 0.058503
370000 0.061024
380000 0.062799
390000 0.064325
400000 0.068519
410000 0.067194
420000 0.070278
430000 0.076081
440000 0.075721
450000 0.072800
460000 0.074859
470000 0.081897
480000 0.082306
490000 0.087921
500000 0.093071
510000 0.087340
520000 0.085715
530000 0.084802
540000 0.087781
550000 0.096529
560000 0.099961
570000 0.107494
580000 0.114105
590000 0.108320
600000 0.119357
610000 0.121414
620000 0.112010
630000 0.112690
640000 0.110782
650000 0.108421
660000 0.110227
670000 0.114920
680000 0.116040
690000 0.120409
700000 0.119124
710000 0.120535
720000 0.121826
730000 0.132371
740000 0.132771
750000 0.136184
760000 0.135818
770000 0.140073
780000 0.139223
790000 0.141407
800000 0.142545
810000 0.143578
820000 0.150566
830000 0.145361
840000 0.151031
850000 0.152461
860000 0.153616
870000 0.155686
880000 0.158498
890000 0.161391
900000 0.164273
910000 0.164662
920000 0.166298
930000 0.168346
940000 0.167195
950000 0.171498
960000 0.170299
970000 0.170729
980000 0.172479
990000 0.174571
1000000 0.180603
