0 0.000001
10000 0.001330
20000 0.002786
30000 0.004226
40000 0.005931
50000 0.007769
60000 0.011488
70000 0.014557
80000 0.014790
90000 0.017722
100000 0.020289
110000 0.019337
120000 0.021364
130000 0.029804
140000 0.029142
150000 0.028533
160000 0.027870
170000 0.033192
180000 0.037666
190000 0.035587
200000 0.042953
210000 0.036608
220000 0.042860
230000 0.040695
240000 0.045565
250000 0.046382
260000 0.049912
270000 0.054345
280000 0.052117
290000 0.053330
300000 0.065591
310000 0.058542
320000 0.058868
330000 0.060731
340000 0.065917
350000 0.065877
360000 0.064288
370000 0.067553
380000 0.067351
390000 0.069626
400000 0.071581
410000 0.072720
420000 0.073612
430000 0.077548
440000 0.080946
450000 0.080954
460000 0.082233
470000 0.082442
480000 0.083949
490000 0.085643
500000 0.086563
510000 0.089596
520000 0.094654
530000 0.092993
540000 0.095923
550000 0.098029
560000 0.098378
570000 0.109399
580000 0.107467
590000 0.117693
600000 0.110298
610000 0.117995
620000 0.117134
630000 0.122195
640000 0.120491
650000 0.123007
660000 0.124537
670000 0.136163
680000 0.147716
690000 0.146167
700000 0.134579
710000 0.164297
720000 0.137358
730000 0.128512
740000 0.131148
750000 0.135942
760000 0.135158
770000 0.138915
780000 0.145222
790000 0.147484
800000 0.151611
810000 0.145985
820000 0.153189
830000 0.151953
840000 0.150756
850000 0.153413
860000 0.156722
870000 0.159731
880000 0.158016
890000 0.160169
900000 0.173121
910000 0.169843
920000 0.168330
930000 0.177801
940000 0.174317
950000 0.177615
960000 0.188329
970000 0.184894
980000 0.185520
990000 0.186758
1000000 0.188777
