0 0.000014
10000 0.001580
20000 0.003415
30000 0.004846
40000 0.006919
50000 0.009069
60000 0.010629
70000 0.012441
80000 0.015054
90000 0.016287
100000 0.017594
110000 0.020135
120000 0.023459
130000 0.026066
140000 0.026778
150000 0.027463
160000 0.030775
170000 0.033059
180000 0.035589
190000 0.037056
200000 0.038832
210000 0.038954
220000 0.041481
230000 0.042757
240000 0.044839
250000 0.046036
260000 0.048483
270000 0.049830
280000 0.053841
290000 0.056069
300000 0.058032
310000 0.063950
320000 0.068670
330000 0.066275
340000 0.068254
350000 0.069073
360000 0.069349
370000 0.074495
380000 0.076426
390000 0.076886
400000 0.075783
410000 0.078828
420000 0.080625
430000 0.082468
440000 0.084298
450000 0.087750
460000 0.085862
470000 0.092189
480000 0.097596
490000 0.102018
500000 0.102000
510000 0.102456
520000 0.106680
530000 0.108243
540000 0.115879
550000 0.111399
560000 0.114156
570000 0.116320
580000 0.115145
590000 0.116513
600000 0.117108
610000 0.124617
620000 0.129759
630000 0.131913
640000 0.132240
650000 0.128766
660000 0.138341
670000 0.146319
680000 0.146633
690000 0.143962
700000 0.142784
710000 0.144836
720000 0.146958
730000 0.151492
740000 0.154235
750000 0.150862
760000 0.155218
770000 0.159497
780000 0.162791
790000 0.160433
800000 0.161717
810000 0.169292
820000 0.170643
830000 0.170607
840000 0.173922
850000 0.171301
860000 0.171899
870000 0.176462
880000 0.180311
890000 0.180323
900000 0.185254
910000 0.185853
920000 0.191036
930000 0.189971
940000 0.192202
950000 0.202513
960000 0.207706
970000 0.210728
980000 0.210733
990000 0.206502
1000000 0.207996
