0 0.000001
10000 0.001450
20000 0.002590
30000 0.004096
40000 0.005697
50000 0.007131
60000 0.008512
70000 0.010023
80000 0.012141
90000 0.014001
100000 0.015791
110000 0.016526
120000 0.019517
130000 0.020541
140000 0.022622
150000 0.024317
160000 0.025891
170000 0.027646
180000 0.029864
190000 0.031626
200000 0.032490
210000 0.035414
220000 0.036776
230000 0.037826
240000 0.040771
250000 0.042808
260000 0.045664
270000 0.046496
280000 0.047587
290000 0.046689
300000 0.053063
310000 0.055094
320000 0.055882
330000 0.058114
340000 0.066054
350000 0.066486
360000 0.063360
370000 0.067079
380000 0.065946
390000 0.070835
400000 0.075032
410000 0.082249
420000 0.075547
430000 0.080407
440000 0.077636
450000 0.085519
460000 0.084906
470000 0.085586
480000 0.092150
490000 0.088916
500000 0.097175
510000 0.095541
520000 0.093103
530000 0.095655
540000 0.098150
550000 0.101289
560000 0.103505
570000 0.103350
580000 0.104378
590000 0.107693
600000 0.108849
610000 0.110198
620000 0.114181
630000 0.113388
640000 0.115846
650000 0.119864
660000 0.122934
670000 0.127232
680000 0.118105
690000 0.120243
700000 0.123130
710000 0.122198
720000 0.125775
730000 0.126834
740000 0.129843
750000 0.130170
760000 0.132795
770000 0.137181
780000 0.139687
790000 0.139925
800000 0.151553
810000 0.149889
820000 0.156035
830000 0.157755
840000 0.155325
850000 0.155383
860000 0.154992
870000 0.152331
880000 0.155763
890000 0.159285
900000 0.158318
910000 0.161734
920000 0.163968
930000 0.165284
940000 0.165925
950000 0.168069
960000 0.170230
970000 0.173941
980000 0.172626
990000 0.174752
1000000 0.180459
