0 0.000001
10000 0.001225
20000 0.002660
30000 0.003660
40000 0.004867
50000 0.006233
60000 0.007538
70000 0.008663
80000 0.010235
90000 0.011675
100000 0.012989
110000 0.014242
120000 0.015810
130000 0.017106
140000 0.018371
150000 0.019991
160000 0.021799
170000 0.022974
180000 0.024115
190000 0.025022
200000 0.027073
210000 0.028371
220000 0.030081
230000 0.031403
240000 0.032890
250000 0.033839
260000 0.035627
270000 0.039094
280000 0.038373
290000 0.041020
300000 0.044731
310000 0.045880
320000 0.045039
330000 0.049391
340000 0.051315
350000 0.051839
360000 0.056261
370000 0.056010
380000 0.057254
390000 0.060655
400000 0.061924
410000 0.065118
420000 0.064355
430000 0.064282
440000 0.068467
450000 0.069184
460000 0.069134
470000 0.072673
480000 0.073573
490000 0.075243
500000 0.075201
510000 0.078043
520000 0.078289
530000 0.080869
540000 0.080427
550000 0.086289
560000 0.085135
570000 0.089191
580000 0.087967
590000 0.090550
600000 0.094058
610000 0.095030
620000 0.096102
630000 0.091282
640000 0.096715
650000 0.104516
660000 0.104403
670000 0.106561
680000 0.104146
690000 0.107283
700000 0.110272
710000 0.116244
720000 0.119078
730000 0.115020
740000 0.115899
750000 0.121891
760000 0.122804
770000 0.124118
780000 0.120301
790000 0.123440
800000 0.121041
810000 0.128736
820000 0.133285
830000 0.134182
840000 0.138750
850000 0.138153
860000 0.139643
870000 0.138117
880000 0.142999
890000 0.140722
900000 0.140466
910000 0.139726
920000 0.138978
930000 0.141457
940000 0.142748
950000 0.143327
960000 0.144805
970000 0.145312
980000 0.147122
990000 0.150426
1000000 0.160988
