0 0.000002
10000 0.001327
20000 0.002682
30000 0.004146
40000 0.005852
50000 0.007494
60000 0.008972
70000 0.011024
80000 0.012851
90000 0.013928
100000 0.014994
110000 0.017604
120000 0.019564
130000 0.020936
140000 0.021143
150000 0.023673
160000 0.028330
170000 0.028597
180000 0.029374
190000 0.029836
200000 0.033506
210000 0.035011
220000 0.035804
230000 0.038074
240000 0.039631
250000 0.045743
260000 0.048606
270000 0.048260
280000 0.045942
290000 0.048368
300000 0.050140
310000 0.052744
320000 0.053927
330000 0.056272
340000 0.059846
350000 0.062150
360000 0.061549
370000 0.063775
380000 0.068170
390000 0.069217
400000 0.069741
410000 0.070497
420000 0.071642
430000 0.073538
440000 0.074570
450000 0.077103
460000 0.078754
470000 0.080398
480000 0.083740
490000 0.085476
500000 0.087367
510000 0.089652
520000 0.090514
530000 0.092953
540000 0.093712
550000 0.095937
560000 0.099572
570000 0.100443
580000 0.102740
590000 0.103696
600000 0.104828
610000 0.106414
620000 0.107689
630000 0.110516
640000 0.113244
650000 0.114982
660000 0.116210
670000 0.117560
680000 0.119640
690000 0.123849
700000 0.126538
710000 0.125616
720000 0.128862
730000 0.128698
740000 0.133208
750000 0.128618
760000 0.134255
770000 0.134594
780000 0.137691
790000 0.138283
800000 0.140256
810000 0.141792
820000 0.143866
830000 0.146236
840000 0.148354
850000 0.149556
860000 0.153637
870000 0.153230
880000 0.157011
890000 0.157247
900000 0.161431
910000 0.159939
920000 0.161879
930000 0.165890
940000 0.167188
950000 0.168549
960000 0.171312
970000 0.172719
980000 0.173444
990000 0.177384
1000000 0.175459
