0 0.000002
10000 0.001088
20000 0.002443
30000 0.003737
40000 0.004788
50000 0.006141
60000 0.007147
70000 0.008243
80000 0.009370
90000 0.010499
100000 0.011644
110000 0.015200
120000 0.014271
130000 0.016153
140000 0.017441
150000 0.018110
160000 0.019558
170000 0.020816
180000 0.022136
190000 0.022920
200000 0.023049
210000 0.024098
220000 0.026953
230000 0.025511
240000 0.028200
250000 0.028978
260000 0.028534
270000 0.029780
280000 0.032208
290000 0.031927
300000 0.034077
310000 0.035703
320000 0.037726
330000 0.038242
340000 0.038833
350000 0.042130
360000 0.043844
370000 0.044038
380000 0.046759
390000 0.046954
400000 0.044105
410000 0.048172
420000 0.046283
430000 0.053823
440000 0.050879
450000 0.058805
460000 0.060980
470000 0.083730
480000 0.058878
490000 0.072102
500000 0.089091
510000 0.089309
520000 0.065452
530000 0.065023
540000 0.096198
550000 0.069232
560000 0.067663
570000 0.069377
580000 0.071008
590000 0.080260
600000 0.071876
610000 0.073710
620000 0.074989
630000 0.076053
640000 0.077553
650000 0.080439
660000 0.079344
670000 0.082674
680000 0.084813
690000 0.081151
700000 0.083648
710000 0.085463
720000 0.088609
730000 0.087944
740000 0.090738
750000 0.089984
760000 0.093228
770000 0.091708
780000 0.095528
790000 0.095096
800000 0.102464
810000 0.097197
820000 0.100070
830000 0.101270
840000 0.104408
850000 0.105566
860000 0.106069
870000 0.105884
880000 0.105351
890000 0.110452
900000 0.108380
910000 0.108063
920000 0.113540
930000 0.110864
940000 0.112586
950000 0.116119
960000 0.118856
970000 0.118895
980000 0.119901
990000 0.119386
1000000 0.118954
