0 0.000002
10000 0.001093
20000 0.002253
30000 0.003434
40000 0.004502
50000 0.005920
60000 0.006756
70000 0.007747
80000 0.008867
90000 0.009979
100000 0.011334
110000 0.012378
120000 0.013110
130000 0.014683
140000 0.017194
150000 0.026028
160000 0.018282
170000 0.020529
180000 0.022509
190000 0.025606
200000 0.028699
210000 0.024641
220000 0.037285
230000 0.029316
240000 0.036011
250000 0.029559
260000 0.037849
270000 0.046491
280000 0.049112
290000 0.057625
300000 0.054927
310000 0.055868
320000 0.052734
330000 0.059702
340000 0.050460
350000 0.045937
360000 0.060911
370000 0.063529
380000 0.052405
390000 0.054140
400000 0.070019
410000 0.073161
420000 0.070794
430000 0.069033
440000 0.074562
450000 0.057406
460000 0.083982
470000 0.069558
480000 0.071099
490000 0.078164
500000 0.087587
510000 0.062506
520000 0.069802
530000 0.079737
540000 0.071701
550000 0.077956
560000 0.074642
570000 0.094473
580000 0.078743
590000 0.085391
600000 0.082137
610000 0.082784
620000 0.086139
630000 0.076097
640000 0.084630
650000 0.112963
660000 0.087497
670000 0.090814
680000 0.106248
690000 0.089937
700000 0.093331
710000 0.093510
720000 0.096352
730000 0.094300
740000 0.120789
750000 0.126094
760000 0.098236
770000 0.101360
780000 0.099848
790000 0.097694
800000 0.093221
810000 0.100347
820000 0.110973
830000 0.113903
840000 0.108063
850000 0.117130
860000 0.106293
870000 0.109044
880000 0.112569
890000 0.111836
900000 0.113370
910000 0.113775
920000 0.116588
930000 0.114834
940000 0.116860
950000 0.114854
960000 0.116620
970000 0.117291
980000 0.171009
990000 0.141798
1000000 0.131281
