0 0.000001
10000 0.003376
20000 0.003176
30000 0.003332
40000 0.003441
50000 0.003616
60000 0.003847
70000 0.003988
80000 0.004156
90000 0.004631
100000 0.004775
110000 0.004742
120000 0.004847
130000 0.005217
140000 0.006326
150000 0.005580
160000 0.005574
170000 0.005932
180000 0.005935
190000 0.005523
200000 0.005444
210000 0.006425
220000 0.007035
230000 0.005794
240000 0.006018
250000 0.008444
260000 0.006686
270000 0.007031
280000 0.006904
290000 0.007398
300000 0.006946
310000 0.007060
320000 0.007563
330000 0.010130
340000 0.008429
350000 0.009787
360000 0.012224
370000 0.009668
380000 0.010485
390000 0.011337
400000 0.010684
410000 0.010373
420000 0.010131
430000 0.010609
440000 0.010827
450000 0.010777
460000 0.010652
470000 0.011179
480000 0.011084
490000 0.011226
500000 0.011470
510000 0.011772
520000 0.013511
530000 0.010979
540000 0.010995
550000 0.010977
560000 0.010966
570000 0.010986
580000 0.012420
590000 0.011938
600000 0.011470
610000 0.011917
620000 0.011521
630000 0.011640
640000 0.012037
650000 0.012367
660000 0.012888
670000 0.013177
680000 0.013167
690000 0.013182
700000 0.013287
710000 0.013427
720000 0.013509
730000 0.014481
740000 0.013825
750000 0.014817
760000 0.013935
770000 0.014077
780000 0.014249
790000 0.014928
800000 0.016270
810000 0.014890
820000 0.014872
830000 0.014606
840000 0.015210
850000 0.015206
860000 0.015438
870000 0.015456
880000 0.015499
890000 0.016395
900000 0.015971
910000 0.016167
920000 0.016910
930000 0.016826
940000 0.016994
950000 0.016993
960000 0.016420
970000 0.016941
980000 0.017686
990000 0.017798
1000000 0.017393
