0 0.000001
10000 0.000326
20000 0.000655
30000 0.000814
40000 0.001154
50000 0.001357
60000 0.001551
70000 0.002149
80000 0.002572
90000 0.002539
100000 0.002888
110000 0.002805
120000 0.002924
130000 0.003487
140000 0.003398
150000 0.003981
160000 0.003968
170000 0.004093
180000 0.005127
190000 0.005065
200000 0.004999
210000 0.005088
220000 0.006174
230000 0.005707
240000 0.006076
250000 0.006499
260000 0.006228
270000 0.006590
280000 0.006653
290000 0.006937
300000 0.007495
310000 0.007552
320000 0.008344
330000 0.007978
340000 0.009933
350000 0.009390
360000 0.009783
370000 0.009323
380000 0.009495
390000 0.009957
400000 0.009877
410000 0.010272
420000 0.010336
430000 0.010634
440000 0.011255
450000 0.011830
460000 0.011886
470000 0.012162
480000 0.012146
490000 0.012672
500000 0.013470
510000 0.014070
520000 0.013128
530000 0.013258
540000 0.014026
550000 0.013563
560000 0.013609
570000 0.014526
580000 0.014925
590000 0.015364
600000 0.015583
610000 0.015528
620000 0.015822
630000 0.015778
640000 0.015930
650000 0.016448
660000 0.016893
670000 0.018086
680000 0.017472
690000 0.017108
700000 0.019562
710000 0.018470
720000 0.018372
730000 0.018668
740000 0.018791
750000 0.021222
760000 0.019116
770000 0.019369
780000 0.020757
790000 0.019973
800000 0.019461
810000 0.020073
820000 0.021211
830000 0.021427
840000 0.023862
850000 0.021364
860000 0.021672
870000 0.021922
880000 0.021886
890000 0.022669
900000 0.022413
910000 0.027087
920000 0.024221
930000 0.023221
940000 0.023311
950000 0.024150
960000 0.023063
970000 0.024555
980000 0.023449
990000 0.027244
1000000 0.024532
