0 0.000007
10000 0.004718
20000 0.009245
30000 0.013773
40000 0.017957
50000 0.022731
60000 0.027533
70000 0.032313
80000 0.037637
90000 0.041775
100000 0.046247
110000 0.051752
120000 0.055671
130000 0.059967
140000 0.065736
150000 0.071055
160000 0.079700
170000 0.085616
180000 0.091359
190000 0.094749
200000 0.098685
210000 0.101617
220000 0.103275
230000 0.109509
240000 0.113298
250000 0.118202
260000 0.123201
270000 0.127268
280000 0.132759
290000 0.137910
300000 0.142270
310000 0.150824
320000 0.153537
330000 0.158010
340000 0.162533
350000 0.168347
360000 0.174062
370000 0.178208
380000 0.184336
390000 0.187550
400000 0.192035
410000 0.197785
420000 0.201817
430000 0.209237
440000 0.211170
450000 0.216853
460000 0.221974
470000 0.227599
480000 0.232703
490000 0.237038
500000 0.242140
510000 0.246670
520000 0.252655
530000 0.256511
540000 0.264620
550000 0.266532
560000 0.274067
570000 0.277457
580000 0.283389
590000 0.287156
600000 0.292536
610000 0.296978
620000 0.301505
630000 0.307313
640000 0.312317
650000 0.318144
660000 0.321165
670000 0.326335
680000 0.335754
690000 0.342401
700000 0.344317
710000 0.353892
720000 0.354571
730000 0.356420
740000 0.363361
750000 0.367753
760000 0.374654
770000 0.380045
780000 0.383458
790000 0.383752
800000 0.391032
810000 0.395619
820000 0.402883
830000 0.406929
840000 0.411563
850000 0.417849
860000 0.422541
870000 0.433978
880000 0.440689
890000 0.439594
900000 0.445463
910000 0.460307
920000 0.477977
930000 0.479893
940000 0.485660
950000 0.485705
960000 0.472390
970000 0.476525
980000 0.484376
990000 0.490053
1000000 0.497800
